c grammar=g2.txt word=a a c b c
p cnf 120 241
1 0
-2 0
-3 0
-4 0
-5 0
6 0
-7 0
-8 0
-9 0
-10 0
-11 0
-12 0
-13 0
-14 0
-15 0
-16 0
-21 0
-25 0
-28 0
-30 0
-31 0
-36 0
40 0
43 0
45 0
-46 0
50 0
-51 0
-55 0
-58 0
-60 0
-61 1 0
-61 21 0
-1 -21 61 0
-47 61 0
-62 1 0
-62 22 0
-1 -22 62 0
-63 2 0
-63 25 0
-2 -25 63 0
-48 62 63 0
-64 1 0
-64 23 0
-1 -23 64 0
-65 2 0
-65 26 0
-2 -26 65 0
-66 3 0
-66 28 0
-3 -28 66 0
-49 64 65 66 0
-67 1 0
-67 24 0
-1 -24 67 0
-68 2 0
-68 27 0
-2 -27 68 0
-69 3 0
-69 29 0
-3 -29 69 0
-70 4 0
-70 30 0
-4 -30 70 0
-50 67 68 69 70 0
-71 6 0
-71 25 0
-6 -25 71 0
-52 71 0
-72 6 0
-72 26 0
-6 -26 72 0
-73 7 0
-73 28 0
-7 -28 73 0
-53 72 73 0
-74 6 0
-74 27 0
-6 -27 74 0
-75 7 0
-75 29 0
-7 -29 75 0
-76 8 0
-76 30 0
-8 -30 76 0
-54 74 75 76 0
-77 10 0
-77 28 0
-10 -28 77 0
-56 77 0
-78 10 0
-78 29 0
-10 -29 78 0
-79 11 0
-79 30 0
-11 -30 79 0
-57 78 79 0
-80 13 0
-80 30 0
-13 -30 80 0
-59 80 0
-81 1 0
-81 36 0
-1 -36 81 0
-17 81 0
-82 1 0
-82 37 0
-1 -37 82 0
-83 2 0
-83 40 0
-2 -40 83 0
-18 82 83 0
-84 1 0
-84 38 0
-1 -38 84 0
-85 2 0
-85 41 0
-2 -41 85 0
-86 3 0
-86 43 0
-3 -43 86 0
-19 84 85 86 0
-87 1 0
-87 39 0
-1 -39 87 0
-88 2 0
-88 42 0
-2 -42 88 0
-89 3 0
-89 44 0
-3 -44 89 0
-90 4 0
-90 45 0
-4 -45 90 0
-20 87 88 89 90 0
-91 6 0
-91 40 0
-6 -40 91 0
-22 91 0
-92 6 0
-92 41 0
-6 -41 92 0
-93 7 0
-93 43 0
-7 -43 93 0
-23 92 93 0
-94 6 0
-94 42 0
-6 -42 94 0
-95 7 0
-95 44 0
-7 -44 95 0
-96 8 0
-96 45 0
-8 -45 96 0
-24 94 95 96 0
-97 10 0
-97 43 0
-10 -43 97 0
-26 97 0
-98 10 0
-98 44 0
-10 -44 98 0
-99 11 0
-99 45 0
-11 -45 99 0
-27 98 99 0
-100 13 0
-100 45 0
-13 -45 100 0
-29 100 0
-101 31 0
-101 36 0
-31 -36 101 0
-32 101 0
-102 31 0
-102 37 0
-31 -37 102 0
-103 32 0
-103 40 0
-32 -40 103 0
-33 102 103 0
-104 31 0
-104 38 0
-31 -38 104 0
-105 32 0
-105 41 0
-32 -41 105 0
-106 33 0
-106 43 0
-33 -43 106 0
-34 104 105 106 0
-107 31 0
-107 39 0
-31 -39 107 0
-108 32 0
-108 42 0
-32 -42 108 0
-109 33 0
-109 44 0
-33 -44 109 0
-110 34 0
-110 45 0
-34 -45 110 0
-35 107 108 109 110 0
-111 36 0
-111 40 0
-36 -40 111 0
-37 111 0
-112 36 0
-112 41 0
-36 -41 112 0
-113 37 0
-113 43 0
-37 -43 113 0
-38 112 113 0
-114 36 0
-114 42 0
-36 -42 114 0
-115 37 0
-115 44 0
-37 -44 115 0
-116 38 0
-116 45 0
-38 -45 116 0
-39 114 115 116 0
-117 40 0
-117 43 0
-40 -43 117 0
-41 117 0
-118 40 0
-118 44 0
-40 -44 118 0
-119 41 0
-119 45 0
-41 -45 119 0
-42 118 119 0
-120 43 0
-120 45 0
-43 -45 120 0
-44 120 0
