c grammar=g1.txt word=a a c b c
p cnf 120 241
1 0
-2 0
-3 0
-4 0
-5 0
6 0
-7 0
-8 0
-9 0
-10 0
-11 0
-12 0
-13 0
-14 0
-15 0
-16 0
-21 0
-25 0
-28 0
-30 0
-31 0
-36 0
40 0
43 0
45 0
-46 0
50 0
-51 0
-55 0
-58 0
-60 0
-61 31 0
-61 36 0
-31 -36 61 0
-32 61 0
-62 31 0
-62 37 0
-31 -37 62 0
-63 32 0
-63 40 0
-32 -40 63 0
-33 62 63 0
-64 31 0
-64 38 0
-31 -38 64 0
-65 32 0
-65 41 0
-32 -41 65 0
-66 33 0
-66 43 0
-33 -43 66 0
-34 64 65 66 0
-67 31 0
-67 39 0
-31 -39 67 0
-68 32 0
-68 42 0
-32 -42 68 0
-69 33 0
-69 44 0
-33 -44 69 0
-70 34 0
-70 45 0
-34 -45 70 0
-35 67 68 69 70 0
-71 36 0
-71 40 0
-36 -40 71 0
-37 71 0
-72 36 0
-72 41 0
-36 -41 72 0
-73 37 0
-73 43 0
-37 -43 73 0
-38 72 73 0
-74 36 0
-74 42 0
-36 -42 74 0
-75 37 0
-75 44 0
-37 -44 75 0
-76 38 0
-76 45 0
-38 -45 76 0
-39 74 75 76 0
-77 40 0
-77 43 0
-40 -43 77 0
-41 77 0
-78 40 0
-78 44 0
-40 -44 78 0
-79 41 0
-79 45 0
-41 -45 79 0
-42 78 79 0
-80 43 0
-80 45 0
-43 -45 80 0
-44 80 0
-81 1 0
-81 21 0
-1 -21 81 0
-47 81 0
-82 1 0
-82 22 0
-1 -22 82 0
-83 2 0
-83 25 0
-2 -25 83 0
-48 82 83 0
-84 1 0
-84 23 0
-1 -23 84 0
-85 2 0
-85 26 0
-2 -26 85 0
-86 3 0
-86 28 0
-3 -28 86 0
-49 84 85 86 0
-87 1 0
-87 24 0
-1 -24 87 0
-88 2 0
-88 27 0
-2 -27 88 0
-89 3 0
-89 29 0
-3 -29 89 0
-90 4 0
-90 30 0
-4 -30 90 0
-50 87 88 89 90 0
-91 6 0
-91 25 0
-6 -25 91 0
-52 91 0
-92 6 0
-92 26 0
-6 -26 92 0
-93 7 0
-93 28 0
-7 -28 93 0
-53 92 93 0
-94 6 0
-94 27 0
-6 -27 94 0
-95 7 0
-95 29 0
-7 -29 95 0
-96 8 0
-96 30 0
-8 -30 96 0
-54 94 95 96 0
-97 10 0
-97 28 0
-10 -28 97 0
-56 97 0
-98 10 0
-98 29 0
-10 -29 98 0
-99 11 0
-99 30 0
-11 -30 99 0
-57 98 99 0
-100 13 0
-100 30 0
-13 -30 100 0
-59 100 0
-101 1 0
-101 36 0
-1 -36 101 0
-17 101 0
-102 1 0
-102 37 0
-1 -37 102 0
-103 2 0
-103 40 0
-2 -40 103 0
-18 102 103 0
-104 1 0
-104 38 0
-1 -38 104 0
-105 2 0
-105 41 0
-2 -41 105 0
-106 3 0
-106 43 0
-3 -43 106 0
-19 104 105 106 0
-107 1 0
-107 39 0
-1 -39 107 0
-108 2 0
-108 42 0
-2 -42 108 0
-109 3 0
-109 44 0
-3 -44 109 0
-110 4 0
-110 45 0
-4 -45 110 0
-20 107 108 109 110 0
-111 6 0
-111 40 0
-6 -40 111 0
-22 111 0
-112 6 0
-112 41 0
-6 -41 112 0
-113 7 0
-113 43 0
-7 -43 113 0
-23 112 113 0
-114 6 0
-114 42 0
-6 -42 114 0
-115 7 0
-115 44 0
-7 -44 115 0
-116 8 0
-116 45 0
-8 -45 116 0
-24 114 115 116 0
-117 10 0
-117 43 0
-10 -43 117 0
-26 117 0
-118 10 0
-118 44 0
-10 -44 118 0
-119 11 0
-119 45 0
-11 -45 119 0
-27 118 119 0
-120 13 0
-120 45 0
-13 -45 120 0
-29 120 0
