c grammar=g3.txt word=x a a a b b c
p cnf 2044 5069
-1 0
-8 0
-14 0
-19 0
-23 0
-26 0
-28 0
-29 0
-36 0
-42 0
-47 0
-51 0
-54 0
-56 0
-57 0
-64 0
-70 0
-75 0
-79 0
-82 0
-84 0
-85 0
-86 0
-87 0
-88 0
-89 0
-90 0
-91 0
-92 0
-93 0
-94 0
-95 0
-96 0
-97 0
-98 0
-99 0
-100 0
-101 0
-102 0
-103 0
-104 0
-105 0
-106 0
-107 0
-108 0
-109 0
-110 0
-111 0
112 0
113 0
119 0
-120 0
-126 0
-131 0
-135 0
-138 0
-140 0
-141 0
-148 0
-154 0
-159 0
-163 0
-166 0
-168 0
-169 0
-176 0
-182 0
-187 0
-191 0
-194 0
-196 0
-197 0
-204 0
-210 0
-215 0
-219 0
-222 0
-224 0
-225 0
-232 0
-238 0
-243 0
-247 0
-250 0
-252 0
-253 0
-260 0
-266 0
-271 0
-275 0
-278 0
-280 0
-281 0
-288 0
-294 0
-299 0
-303 0
-306 0
-308 0
-309 0
-316 0
-322 0
-327 0
-331 0
-334 0
-336 0
-337 0
-344 0
-350 0
-355 0
-359 0
-362 0
-364 0
-365 0
-372 0
-378 0
-383 0
-387 0
-390 0
-392 0
-393 0
-400 0
-406 0
-411 0
-415 0
-418 0
-420 0
-421 0
-422 0
-423 0
-424 0
-425 0
-426 0
-427 0
428 0
-429 0
-430 0
-431 0
-432 0
-433 0
434 0
-435 0
-436 0
-437 0
-438 0
439 0
-440 0
-441 0
-442 0
-443 0
-444 0
-445 0
-446 0
-447 0
-448 0
-449 0
-450 0
-451 0
-452 0
-453 0
-454 0
-455 0
-456 0
-457 0
-458 0
-459 0
-460 0
-461 0
-462 0
-463 0
-464 0
-465 0
-466 0
-467 0
-468 0
-469 0
-470 0
471 0
-472 0
-473 0
474 0
-475 0
-476 0
477 0
-478 0
-479 0
-480 0
-481 0
-482 0
-483 0
-484 0
-485 0
-486 0
-487 0
-488 0
-489 0
-490 0
-491 0
-492 0
-493 0
-494 0
-495 0
-496 0
-497 0
-498 0
-499 0
-500 0
-501 0
-502 0
-503 0
-504 0
-505 0
-506 0
-507 0
-508 0
-509 0
-510 0
-511 0
-512 0
-513 0
-514 0
-515 0
-516 0
-517 0
-518 0
-519 0
-520 0
-521 0
-522 0
-523 0
-524 0
-525 0
-526 0
-527 0
-528 0
-529 0
-530 0
-531 0
-532 0
-533 449 0
-533 456 0
-449 -456 533 0
-58 533 0
-534 449 0
-534 457 0
-449 -457 534 0
-535 450 0
-535 462 0
-450 -462 535 0
-59 534 535 0
-536 449 0
-536 458 0
-449 -458 536 0
-537 450 0
-537 463 0
-450 -463 537 0
-538 451 0
-538 467 0
-451 -467 538 0
-60 536 537 538 0
-539 449 0
-539 459 0
-449 -459 539 0
-540 450 0
-540 464 0
-450 -464 540 0
-541 451 0
-541 468 0
-451 -468 541 0
-542 452 0
-542 471 0
-452 -471 542 0
-61 539 540 541 542 0
-543 449 0
-543 460 0
-449 -460 543 0
-544 450 0
-544 465 0
-450 -465 544 0
-545 451 0
-545 469 0
-451 -469 545 0
-546 452 0
-546 472 0
-452 -472 546 0
-547 453 0
-547 474 0
-453 -474 547 0
-62 543 544 545 546 547 0
-548 449 0
-548 461 0
-449 -461 548 0
-549 450 0
-549 466 0
-450 -466 549 0
-550 451 0
-550 470 0
-451 -470 550 0
-551 452 0
-551 473 0
-452 -473 551 0
-552 453 0
-552 475 0
-453 -475 552 0
-553 454 0
-553 476 0
-454 -476 553 0
-63 548 549 550 551 552 553 0
-554 456 0
-554 462 0
-456 -462 554 0
-65 554 0
-555 456 0
-555 463 0
-456 -463 555 0
-556 457 0
-556 467 0
-457 -467 556 0
-66 555 556 0
-557 456 0
-557 464 0
-456 -464 557 0
-558 457 0
-558 468 0
-457 -468 558 0
-559 458 0
-559 471 0
-458 -471 559 0
-67 557 558 559 0
-560 456 0
-560 465 0
-456 -465 560 0
-561 457 0
-561 469 0
-457 -469 561 0
-562 458 0
-562 472 0
-458 -472 562 0
-563 459 0
-563 474 0
-459 -474 563 0
-68 560 561 562 563 0
-564 456 0
-564 466 0
-456 -466 564 0
-565 457 0
-565 470 0
-457 -470 565 0
-566 458 0
-566 473 0
-458 -473 566 0
-567 459 0
-567 475 0
-459 -475 567 0
-568 460 0
-568 476 0
-460 -476 568 0
-69 564 565 566 567 568 0
-569 462 0
-569 467 0
-462 -467 569 0
-71 569 0
-570 462 0
-570 468 0
-462 -468 570 0
-571 463 0
-571 471 0
-463 -471 571 0
-72 570 571 0
-572 462 0
-572 469 0
-462 -469 572 0
-573 463 0
-573 472 0
-463 -472 573 0
-574 464 0
-574 474 0
-464 -474 574 0
-73 572 573 574 0
-575 462 0
-575 470 0
-462 -470 575 0
-576 463 0
-576 473 0
-463 -473 576 0
-577 464 0
-577 475 0
-464 -475 577 0
-578 465 0
-578 476 0
-465 -476 578 0
-74 575 576 577 578 0
-579 467 0
-579 471 0
-467 -471 579 0
-76 579 0
-580 467 0
-580 472 0
-467 -472 580 0
-581 468 0
-581 474 0
-468 -474 581 0
-77 580 581 0
-582 467 0
-582 473 0
-467 -473 582 0
-583 468 0
-583 475 0
-468 -475 583 0
-584 469 0
-584 476 0
-469 -476 584 0
-78 582 583 584 0
-585 471 0
-585 474 0
-471 -474 585 0
-80 585 0
-586 471 0
-586 475 0
-471 -475 586 0
-587 472 0
-587 476 0
-472 -476 587 0
-81 586 587 0
-588 474 0
-588 476 0
-474 -476 588 0
-83 588 0
-589 421 0
-589 36 0
-421 -36 589 0
-2 589 0
-590 421 0
-590 37 0
-421 -37 590 0
-591 422 0
-591 42 0
-422 -42 591 0
-3 590 591 0
-592 421 0
-592 38 0
-421 -38 592 0
-593 422 0
-593 43 0
-422 -43 593 0
-594 423 0
-594 47 0
-423 -47 594 0
-4 592 593 594 0
-595 421 0
-595 39 0
-421 -39 595 0
-596 422 0
-596 44 0
-422 -44 596 0
-597 423 0
-597 48 0
-423 -48 597 0
-598 424 0
-598 51 0
-424 -51 598 0
-5 595 596 597 598 0
-599 421 0
-599 40 0
-421 -40 599 0
-600 422 0
-600 45 0
-422 -45 600 0
-601 423 0
-601 49 0
-423 -49 601 0
-602 424 0
-602 52 0
-424 -52 602 0
-603 425 0
-603 54 0
-425 -54 603 0
-6 599 600 601 602 603 0
-604 421 0
-604 41 0
-421 -41 604 0
-605 422 0
-605 46 0
-422 -46 605 0
-606 423 0
-606 50 0
-423 -50 606 0
-607 424 0
-607 53 0
-424 -53 607 0
-608 425 0
-608 55 0
-425 -55 608 0
-609 426 0
-609 56 0
-426 -56 609 0
-7 604 605 606 607 608 609 0
-610 428 0
-610 42 0
-428 -42 610 0
-9 610 0
-611 428 0
-611 43 0
-428 -43 611 0
-612 429 0
-612 47 0
-429 -47 612 0
-10 611 612 0
-613 428 0
-613 44 0
-428 -44 613 0
-614 429 0
-614 48 0
-429 -48 614 0
-615 430 0
-615 51 0
-430 -51 615 0
-11 613 614 615 0
-616 428 0
-616 45 0
-428 -45 616 0
-617 429 0
-617 49 0
-429 -49 617 0
-618 430 0
-618 52 0
-430 -52 618 0
-619 431 0
-619 54 0
-431 -54 619 0
-12 616 617 618 619 0
-620 428 0
-620 46 0
-428 -46 620 0
-621 429 0
-621 50 0
-429 -50 621 0
-622 430 0
-622 53 0
-430 -53 622 0
-623 431 0
-623 55 0
-431 -55 623 0
-624 432 0
-624 56 0
-432 -56 624 0
-13 620 621 622 623 624 0
-625 434 0
-625 47 0
-434 -47 625 0
-15 625 0
-626 434 0
-626 48 0
-434 -48 626 0
-627 435 0
-627 51 0
-435 -51 627 0
-16 626 627 0
-628 434 0
-628 49 0
-434 -49 628 0
-629 435 0
-629 52 0
-435 -52 629 0
-630 436 0
-630 54 0
-436 -54 630 0
-17 628 629 630 0
-631 434 0
-631 50 0
-434 -50 631 0
-632 435 0
-632 53 0
-435 -53 632 0
-633 436 0
-633 55 0
-436 -55 633 0
-634 437 0
-634 56 0
-437 -56 634 0
-18 631 632 633 634 0
-635 439 0
-635 51 0
-439 -51 635 0
-20 635 0
-636 439 0
-636 52 0
-439 -52 636 0
-637 440 0
-637 54 0
-440 -54 637 0
-21 636 637 0
-638 439 0
-638 53 0
-439 -53 638 0
-639 440 0
-639 55 0
-440 -55 639 0
-640 441 0
-640 56 0
-441 -56 640 0
-22 638 639 640 0
-641 443 0
-641 54 0
-443 -54 641 0
-24 641 0
-642 443 0
-642 55 0
-443 -55 642 0
-643 444 0
-643 56 0
-444 -56 643 0
-25 642 643 0
-644 446 0
-644 56 0
-446 -56 644 0
-27 644 0
-645 477 0
-645 8 0
-477 -8 645 0
-646 477 0
-646 176 0
-477 -176 646 0
-647 1 0
-647 512 0
-1 -512 647 0
-648 57 0
-648 512 0
-57 -512 648 0
-649 1 0
-649 372 0
-1 -372 649 0
-650 57 0
-650 288 0
-57 -288 650 0
-651 477 0
-651 64 0
-477 -64 651 0
-652 85 0
-652 512 0
-85 -512 652 0
-653 477 0
-653 316 0
-477 -316 653 0
-654 1 0
-654 204 0
-1 -204 654 0
-655 477 0
-655 260 0
-477 -260 655 0
-656 477 0
-656 400 0
-477 -400 656 0
-657 1 0
-657 148 0
-1 -148 657 0
-658 477 0
-658 92 0
-477 -92 658 0
-114 645 646 647 648 649 650 651 652 653 654 655 656 657 658 0
-659 477 0
-659 9 0
-477 -9 659 0
-660 478 0
-660 14 0
-478 -14 660 0
-661 477 0
-661 177 0
-477 -177 661 0
-662 478 0
-662 182 0
-478 -182 662 0
-663 1 0
-663 513 0
-1 -513 663 0
-664 2 0
-664 518 0
-2 -518 664 0
-665 57 0
-665 513 0
-57 -513 665 0
-666 58 0
-666 518 0
-58 -518 666 0
-667 1 0
-667 373 0
-1 -373 667 0
-668 2 0
-668 378 0
-2 -378 668 0
-669 57 0
-669 289 0
-57 -289 669 0
-670 58 0
-670 294 0
-58 -294 670 0
-671 477 0
-671 65 0
-477 -65 671 0
-672 478 0
-672 70 0
-478 -70 672 0
-673 85 0
-673 513 0
-85 -513 673 0
-674 86 0
-674 518 0
-86 -518 674 0
-675 477 0
-675 317 0
-477 -317 675 0
-676 478 0
-676 322 0
-478 -322 676 0
-677 1 0
-677 205 0
-1 -205 677 0
-678 2 0
-678 210 0
-2 -210 678 0
-679 477 0
-679 261 0
-477 -261 679 0
-680 478 0
-680 266 0
-478 -266 680 0
-681 477 0
-681 401 0
-477 -401 681 0
-682 478 0
-682 406 0
-478 -406 682 0
-683 1 0
-683 149 0
-1 -149 683 0
-684 2 0
-684 154 0
-2 -154 684 0
-685 477 0
-685 93 0
-477 -93 685 0
-686 478 0
-686 98 0
-478 -98 686 0
-115 659 660 661 662 663 664 665 666 667 668 669 670 671 672 673 674 675 676 677 678 679 680 681 682 683 684 685 686 0
-687 477 0
-687 10 0
-477 -10 687 0
-688 478 0
-688 15 0
-478 -15 688 0
-689 479 0
-689 19 0
-479 -19 689 0
-690 477 0
-690 178 0
-477 -178 690 0
-691 478 0
-691 183 0
-478 -183 691 0
-692 479 0
-692 187 0
-479 -187 692 0
-693 1 0
-693 514 0
-1 -514 693 0
-694 2 0
-694 519 0
-2 -519 694 0
-695 3 0
-695 523 0
-3 -523 695 0
-696 57 0
-696 514 0
-57 -514 696 0
-697 58 0
-697 519 0
-58 -519 697 0
-698 59 0
-698 523 0
-59 -523 698 0
-699 1 0
-699 374 0
-1 -374 699 0
-700 2 0
-700 379 0
-2 -379 700 0
-701 3 0
-701 383 0
-3 -383 701 0
-702 57 0
-702 290 0
-57 -290 702 0
-703 58 0
-703 295 0
-58 -295 703 0
-704 59 0
-704 299 0
-59 -299 704 0
-705 477 0
-705 66 0
-477 -66 705 0
-706 478 0
-706 71 0
-478 -71 706 0
-707 479 0
-707 75 0
-479 -75 707 0
-708 85 0
-708 514 0
-85 -514 708 0
-709 86 0
-709 519 0
-86 -519 709 0
-710 87 0
-710 523 0
-87 -523 710 0
-711 477 0
-711 318 0
-477 -318 711 0
-712 478 0
-712 323 0
-478 -323 712 0
-713 479 0
-713 327 0
-479 -327 713 0
-714 1 0
-714 206 0
-1 -206 714 0
-715 2 0
-715 211 0
-2 -211 715 0
-716 3 0
-716 215 0
-3 -215 716 0
-717 477 0
-717 262 0
-477 -262 717 0
-718 478 0
-718 267 0
-478 -267 718 0
-719 479 0
-719 271 0
-479 -271 719 0
-720 477 0
-720 402 0
-477 -402 720 0
-721 478 0
-721 407 0
-478 -407 721 0
-722 479 0
-722 411 0
-479 -411 722 0
-723 1 0
-723 150 0
-1 -150 723 0
-724 2 0
-724 155 0
-2 -155 724 0
-725 3 0
-725 159 0
-3 -159 725 0
-726 477 0
-726 94 0
-477 -94 726 0
-727 478 0
-727 99 0
-478 -99 727 0
-728 479 0
-728 103 0
-479 -103 728 0
-116 687 688 689 690 691 692 693 694 695 696 697 698 699 700 701 702 703 704 705 706 707 708 709 710 711 712 713 714 715 716 717 718 719 720 721 722 723 724 725 726 727 728 0
-729 477 0
-729 11 0
-477 -11 729 0
-730 478 0
-730 16 0
-478 -16 730 0
-731 479 0
-731 20 0
-479 -20 731 0
-732 480 0
-732 23 0
-480 -23 732 0
-733 477 0
-733 179 0
-477 -179 733 0
-734 478 0
-734 184 0
-478 -184 734 0
-735 479 0
-735 188 0
-479 -188 735 0
-736 480 0
-736 191 0
-480 -191 736 0
-737 1 0
-737 515 0
-1 -515 737 0
-738 2 0
-738 520 0
-2 -520 738 0
-739 3 0
-739 524 0
-3 -524 739 0
-740 4 0
-740 527 0
-4 -527 740 0
-741 57 0
-741 515 0
-57 -515 741 0
-742 58 0
-742 520 0
-58 -520 742 0
-743 59 0
-743 524 0
-59 -524 743 0
-744 60 0
-744 527 0
-60 -527 744 0
-745 1 0
-745 375 0
-1 -375 745 0
-746 2 0
-746 380 0
-2 -380 746 0
-747 3 0
-747 384 0
-3 -384 747 0
-748 4 0
-748 387 0
-4 -387 748 0
-749 57 0
-749 291 0
-57 -291 749 0
-750 58 0
-750 296 0
-58 -296 750 0
-751 59 0
-751 300 0
-59 -300 751 0
-752 60 0
-752 303 0
-60 -303 752 0
-753 477 0
-753 67 0
-477 -67 753 0
-754 478 0
-754 72 0
-478 -72 754 0
-755 479 0
-755 76 0
-479 -76 755 0
-756 480 0
-756 79 0
-480 -79 756 0
-757 85 0
-757 515 0
-85 -515 757 0
-758 86 0
-758 520 0
-86 -520 758 0
-759 87 0
-759 524 0
-87 -524 759 0
-760 88 0
-760 527 0
-88 -527 760 0
-761 477 0
-761 319 0
-477 -319 761 0
-762 478 0
-762 324 0
-478 -324 762 0
-763 479 0
-763 328 0
-479 -328 763 0
-764 480 0
-764 331 0
-480 -331 764 0
-765 1 0
-765 207 0
-1 -207 765 0
-766 2 0
-766 212 0
-2 -212 766 0
-767 3 0
-767 216 0
-3 -216 767 0
-768 4 0
-768 219 0
-4 -219 768 0
-769 477 0
-769 263 0
-477 -263 769 0
-770 478 0
-770 268 0
-478 -268 770 0
-771 479 0
-771 272 0
-479 -272 771 0
-772 480 0
-772 275 0
-480 -275 772 0
-773 477 0
-773 403 0
-477 -403 773 0
-774 478 0
-774 408 0
-478 -408 774 0
-775 479 0
-775 412 0
-479 -412 775 0
-776 480 0
-776 415 0
-480 -415 776 0
-777 1 0
-777 151 0
-1 -151 777 0
-778 2 0
-778 156 0
-2 -156 778 0
-779 3 0
-779 160 0
-3 -160 779 0
-780 4 0
-780 163 0
-4 -163 780 0
-781 477 0
-781 95 0
-477 -95 781 0
-782 478 0
-782 100 0
-478 -100 782 0
-783 479 0
-783 104 0
-479 -104 783 0
-784 480 0
-784 107 0
-480 -107 784 0
-117 729 730 731 732 733 734 735 736 737 738 739 740 741 742 743 744 745 746 747 748 749 750 751 752 753 754 755 756 757 758 759 760 761 762 763 764 765 766 767 768 769 770 771 772 773 774 775 776 777 778 779 780 781 782 783 784 0
-785 477 0
-785 12 0
-477 -12 785 0
-786 478 0
-786 17 0
-478 -17 786 0
-787 479 0
-787 21 0
-479 -21 787 0
-788 480 0
-788 24 0
-480 -24 788 0
-789 481 0
-789 26 0
-481 -26 789 0
-790 477 0
-790 180 0
-477 -180 790 0
-791 478 0
-791 185 0
-478 -185 791 0
-792 479 0
-792 189 0
-479 -189 792 0
-793 480 0
-793 192 0
-480 -192 793 0
-794 481 0
-794 194 0
-481 -194 794 0
-795 1 0
-795 516 0
-1 -516 795 0
-796 2 0
-796 521 0
-2 -521 796 0
-797 3 0
-797 525 0
-3 -525 797 0
-798 4 0
-798 528 0
-4 -528 798 0
-799 5 0
-799 530 0
-5 -530 799 0
-800 57 0
-800 516 0
-57 -516 800 0
-801 58 0
-801 521 0
-58 -521 801 0
-802 59 0
-802 525 0
-59 -525 802 0
-803 60 0
-803 528 0
-60 -528 803 0
-804 61 0
-804 530 0
-61 -530 804 0
-805 1 0
-805 376 0
-1 -376 805 0
-806 2 0
-806 381 0
-2 -381 806 0
-807 3 0
-807 385 0
-3 -385 807 0
-808 4 0
-808 388 0
-4 -388 808 0
-809 5 0
-809 390 0
-5 -390 809 0
-810 57 0
-810 292 0
-57 -292 810 0
-811 58 0
-811 297 0
-58 -297 811 0
-812 59 0
-812 301 0
-59 -301 812 0
-813 60 0
-813 304 0
-60 -304 813 0
-814 61 0
-814 306 0
-61 -306 814 0
-815 477 0
-815 68 0
-477 -68 815 0
-816 478 0
-816 73 0
-478 -73 816 0
-817 479 0
-817 77 0
-479 -77 817 0
-818 480 0
-818 80 0
-480 -80 818 0
-819 481 0
-819 82 0
-481 -82 819 0
-820 85 0
-820 516 0
-85 -516 820 0
-821 86 0
-821 521 0
-86 -521 821 0
-822 87 0
-822 525 0
-87 -525 822 0
-823 88 0
-823 528 0
-88 -528 823 0
-824 89 0
-824 530 0
-89 -530 824 0
-825 477 0
-825 320 0
-477 -320 825 0
-826 478 0
-826 325 0
-478 -325 826 0
-827 479 0
-827 329 0
-479 -329 827 0
-828 480 0
-828 332 0
-480 -332 828 0
-829 481 0
-829 334 0
-481 -334 829 0
-830 1 0
-830 208 0
-1 -208 830 0
-831 2 0
-831 213 0
-2 -213 831 0
-832 3 0
-832 217 0
-3 -217 832 0
-833 4 0
-833 220 0
-4 -220 833 0
-834 5 0
-834 222 0
-5 -222 834 0
-835 477 0
-835 264 0
-477 -264 835 0
-836 478 0
-836 269 0
-478 -269 836 0
-837 479 0
-837 273 0
-479 -273 837 0
-838 480 0
-838 276 0
-480 -276 838 0
-839 481 0
-839 278 0
-481 -278 839 0
-840 477 0
-840 404 0
-477 -404 840 0
-841 478 0
-841 409 0
-478 -409 841 0
-842 479 0
-842 413 0
-479 -413 842 0
-843 480 0
-843 416 0
-480 -416 843 0
-844 481 0
-844 418 0
-481 -418 844 0
-845 1 0
-845 152 0
-1 -152 845 0
-846 2 0
-846 157 0
-2 -157 846 0
-847 3 0
-847 161 0
-3 -161 847 0
-848 4 0
-848 164 0
-4 -164 848 0
-849 5 0
-849 166 0
-5 -166 849 0
-850 477 0
-850 96 0
-477 -96 850 0
-851 478 0
-851 101 0
-478 -101 851 0
-852 479 0
-852 105 0
-479 -105 852 0
-853 480 0
-853 108 0
-480 -108 853 0
-854 481 0
-854 110 0
-481 -110 854 0
-118 785 786 787 788 789 790 791 792 793 794 795 796 797 798 799 800 801 802 803 804 805 806 807 808 809 810 811 812 813 814 815 816 817 818 819 820 821 822 823 824 825 826 827 828 829 830 831 832 833 834 835 836 837 838 839 840 841 842 843 844 845 846 847 848 849 850 851 852 853 854 0
-855 477 0
-855 13 0
-477 -13 855 0
-856 478 0
-856 18 0
-478 -18 856 0
-857 479 0
-857 22 0
-479 -22 857 0
-858 480 0
-858 25 0
-480 -25 858 0
-859 481 0
-859 27 0
-481 -27 859 0
-860 482 0
-860 28 0
-482 -28 860 0
-861 477 0
-861 181 0
-477 -181 861 0
-862 478 0
-862 186 0
-478 -186 862 0
-863 479 0
-863 190 0
-479 -190 863 0
-864 480 0
-864 193 0
-480 -193 864 0
-865 481 0
-865 195 0
-481 -195 865 0
-866 482 0
-866 196 0
-482 -196 866 0
-867 1 0
-867 517 0
-1 -517 867 0
-868 2 0
-868 522 0
-2 -522 868 0
-869 3 0
-869 526 0
-3 -526 869 0
-870 4 0
-870 529 0
-4 -529 870 0
-871 5 0
-871 531 0
-5 -531 871 0
-872 6 0
-872 532 0
-6 -532 872 0
-873 57 0
-873 517 0
-57 -517 873 0
-874 58 0
-874 522 0
-58 -522 874 0
-875 59 0
-875 526 0
-59 -526 875 0
-876 60 0
-876 529 0
-60 -529 876 0
-877 61 0
-877 531 0
-61 -531 877 0
-878 62 0
-878 532 0
-62 -532 878 0
-879 1 0
-879 377 0
-1 -377 879 0
-880 2 0
-880 382 0
-2 -382 880 0
-881 3 0
-881 386 0
-3 -386 881 0
-882 4 0
-882 389 0
-4 -389 882 0
-883 5 0
-883 391 0
-5 -391 883 0
-884 6 0
-884 392 0
-6 -392 884 0
-885 57 0
-885 293 0
-57 -293 885 0
-886 58 0
-886 298 0
-58 -298 886 0
-887 59 0
-887 302 0
-59 -302 887 0
-888 60 0
-888 305 0
-60 -305 888 0
-889 61 0
-889 307 0
-61 -307 889 0
-890 62 0
-890 308 0
-62 -308 890 0
-891 477 0
-891 69 0
-477 -69 891 0
-892 478 0
-892 74 0
-478 -74 892 0
-893 479 0
-893 78 0
-479 -78 893 0
-894 480 0
-894 81 0
-480 -81 894 0
-895 481 0
-895 83 0
-481 -83 895 0
-896 482 0
-896 84 0
-482 -84 896 0
-897 85 0
-897 517 0
-85 -517 897 0
-898 86 0
-898 522 0
-86 -522 898 0
-899 87 0
-899 526 0
-87 -526 899 0
-900 88 0
-900 529 0
-88 -529 900 0
-901 89 0
-901 531 0
-89 -531 901 0
-902 90 0
-902 532 0
-90 -532 902 0
-903 477 0
-903 321 0
-477 -321 903 0
-904 478 0
-904 326 0
-478 -326 904 0
-905 479 0
-905 330 0
-479 -330 905 0
-906 480 0
-906 333 0
-480 -333 906 0
-907 481 0
-907 335 0
-481 -335 907 0
-908 482 0
-908 336 0
-482 -336 908 0
-909 1 0
-909 209 0
-1 -209 909 0
-910 2 0
-910 214 0
-2 -214 910 0
-911 3 0
-911 218 0
-3 -218 911 0
-912 4 0
-912 221 0
-4 -221 912 0
-913 5 0
-913 223 0
-5 -223 913 0
-914 6 0
-914 224 0
-6 -224 914 0
-915 477 0
-915 265 0
-477 -265 915 0
-916 478 0
-916 270 0
-478 -270 916 0
-917 479 0
-917 274 0
-479 -274 917 0
-918 480 0
-918 277 0
-480 -277 918 0
-919 481 0
-919 279 0
-481 -279 919 0
-920 482 0
-920 280 0
-482 -280 920 0
-921 477 0
-921 405 0
-477 -405 921 0
-922 478 0
-922 410 0
-478 -410 922 0
-923 479 0
-923 414 0
-479 -414 923 0
-924 480 0
-924 417 0
-480 -417 924 0
-925 481 0
-925 419 0
-481 -419 925 0
-926 482 0
-926 420 0
-482 -420 926 0
-927 1 0
-927 153 0
-1 -153 927 0
-928 2 0
-928 158 0
-2 -158 928 0
-929 3 0
-929 162 0
-3 -162 929 0
-930 4 0
-930 165 0
-4 -165 930 0
-931 5 0
-931 167 0
-5 -167 931 0
-932 6 0
-932 168 0
-6 -168 932 0
-933 477 0
-933 97 0
-477 -97 933 0
-934 478 0
-934 102 0
-478 -102 934 0
-935 479 0
-935 106 0
-479 -106 935 0
-936 480 0
-936 109 0
-480 -109 936 0
-937 481 0
-937 111 0
-481 -111 937 0
-938 482 0
-938 112 0
-482 -112 938 0
-119 855 856 857 858 859 860 861 862 863 864 865 866 867 868 869 870 871 872 873 874 875 876 877 878 879 880 881 882 883 884 885 886 887 888 889 890 891 892 893 894 895 896 897 898 899 900 901 902 903 904 905 906 907 908 909 910 911 912 913 914 915 916 917 918 919 920 921 922 923 924 925 926 927 928 929 930 931 932 933 934 935 936 937 938 0
-939 484 0
-939 14 0
-484 -14 939 0
-940 484 0
-940 182 0
-484 -182 940 0
-941 8 0
-941 518 0
-8 -518 941 0
-942 64 0
-942 518 0
-64 -518 942 0
-943 8 0
-943 378 0
-8 -378 943 0
-944 64 0
-944 294 0
-64 -294 944 0
-945 484 0
-945 70 0
-484 -70 945 0
-946 92 0
-946 518 0
-92 -518 946 0
-947 484 0
-947 322 0
-484 -322 947 0
-948 8 0
-948 210 0
-8 -210 948 0
-949 484 0
-949 266 0
-484 -266 949 0
-950 484 0
-950 406 0
-484 -406 950 0
-951 8 0
-951 154 0
-8 -154 951 0
-952 484 0
-952 98 0
-484 -98 952 0
-121 939 940 941 942 943 944 945 946 947 948 949 950 951 952 0
-953 484 0
-953 15 0
-484 -15 953 0
-954 485 0
-954 19 0
-485 -19 954 0
-955 484 0
-955 183 0
-484 -183 955 0
-956 485 0
-956 187 0
-485 -187 956 0
-957 8 0
-957 519 0
-8 -519 957 0
-958 9 0
-958 523 0
-9 -523 958 0
-959 64 0
-959 519 0
-64 -519 959 0
-960 65 0
-960 523 0
-65 -523 960 0
-961 8 0
-961 379 0
-8 -379 961 0
-962 9 0
-962 383 0
-9 -383 962 0
-963 64 0
-963 295 0
-64 -295 963 0
-964 65 0
-964 299 0
-65 -299 964 0
-965 484 0
-965 71 0
-484 -71 965 0
-966 485 0
-966 75 0
-485 -75 966 0
-967 92 0
-967 519 0
-92 -519 967 0
-968 93 0
-968 523 0
-93 -523 968 0
-969 484 0
-969 323 0
-484 -323 969 0
-970 485 0
-970 327 0
-485 -327 970 0
-971 8 0
-971 211 0
-8 -211 971 0
-972 9 0
-972 215 0
-9 -215 972 0
-973 484 0
-973 267 0
-484 -267 973 0
-974 485 0
-974 271 0
-485 -271 974 0
-975 484 0
-975 407 0
-484 -407 975 0
-976 485 0
-976 411 0
-485 -411 976 0
-977 8 0
-977 155 0
-8 -155 977 0
-978 9 0
-978 159 0
-9 -159 978 0
-979 484 0
-979 99 0
-484 -99 979 0
-980 485 0
-980 103 0
-485 -103 980 0
-122 953 954 955 956 957 958 959 960 961 962 963 964 965 966 967 968 969 970 971 972 973 974 975 976 977 978 979 980 0
-981 484 0
-981 16 0
-484 -16 981 0
-982 485 0
-982 20 0
-485 -20 982 0
-983 486 0
-983 23 0
-486 -23 983 0
-984 484 0
-984 184 0
-484 -184 984 0
-985 485 0
-985 188 0
-485 -188 985 0
-986 486 0
-986 191 0
-486 -191 986 0
-987 8 0
-987 520 0
-8 -520 987 0
-988 9 0
-988 524 0
-9 -524 988 0
-989 10 0
-989 527 0
-10 -527 989 0
-990 64 0
-990 520 0
-64 -520 990 0
-991 65 0
-991 524 0
-65 -524 991 0
-992 66 0
-992 527 0
-66 -527 992 0
-993 8 0
-993 380 0
-8 -380 993 0
-994 9 0
-994 384 0
-9 -384 994 0
-995 10 0
-995 387 0
-10 -387 995 0
-996 64 0
-996 296 0
-64 -296 996 0
-997 65 0
-997 300 0
-65 -300 997 0
-998 66 0
-998 303 0
-66 -303 998 0
-999 484 0
-999 72 0
-484 -72 999 0
-1000 485 0
-1000 76 0
-485 -76 1000 0
-1001 486 0
-1001 79 0
-486 -79 1001 0
-1002 92 0
-1002 520 0
-92 -520 1002 0
-1003 93 0
-1003 524 0
-93 -524 1003 0
-1004 94 0
-1004 527 0
-94 -527 1004 0
-1005 484 0
-1005 324 0
-484 -324 1005 0
-1006 485 0
-1006 328 0
-485 -328 1006 0
-1007 486 0
-1007 331 0
-486 -331 1007 0
-1008 8 0
-1008 212 0
-8 -212 1008 0
-1009 9 0
-1009 216 0
-9 -216 1009 0
-1010 10 0
-1010 219 0
-10 -219 1010 0
-1011 484 0
-1011 268 0
-484 -268 1011 0
-1012 485 0
-1012 272 0
-485 -272 1012 0
-1013 486 0
-1013 275 0
-486 -275 1013 0
-1014 484 0
-1014 408 0
-484 -408 1014 0
-1015 485 0
-1015 412 0
-485 -412 1015 0
-1016 486 0
-1016 415 0
-486 -415 1016 0
-1017 8 0
-1017 156 0
-8 -156 1017 0
-1018 9 0
-1018 160 0
-9 -160 1018 0
-1019 10 0
-1019 163 0
-10 -163 1019 0
-1020 484 0
-1020 100 0
-484 -100 1020 0
-1021 485 0
-1021 104 0
-485 -104 1021 0
-1022 486 0
-1022 107 0
-486 -107 1022 0
-123 981 982 983 984 985 986 987 988 989 990 991 992 993 994 995 996 997 998 999 1000 1001 1002 1003 1004 1005 1006 1007 1008 1009 1010 1011 1012 1013 1014 1015 1016 1017 1018 1019 1020 1021 1022 0
-1023 484 0
-1023 17 0
-484 -17 1023 0
-1024 485 0
-1024 21 0
-485 -21 1024 0
-1025 486 0
-1025 24 0
-486 -24 1025 0
-1026 487 0
-1026 26 0
-487 -26 1026 0
-1027 484 0
-1027 185 0
-484 -185 1027 0
-1028 485 0
-1028 189 0
-485 -189 1028 0
-1029 486 0
-1029 192 0
-486 -192 1029 0
-1030 487 0
-1030 194 0
-487 -194 1030 0
-1031 8 0
-1031 521 0
-8 -521 1031 0
-1032 9 0
-1032 525 0
-9 -525 1032 0
-1033 10 0
-1033 528 0
-10 -528 1033 0
-1034 11 0
-1034 530 0
-11 -530 1034 0
-1035 64 0
-1035 521 0
-64 -521 1035 0
-1036 65 0
-1036 525 0
-65 -525 1036 0
-1037 66 0
-1037 528 0
-66 -528 1037 0
-1038 67 0
-1038 530 0
-67 -530 1038 0
-1039 8 0
-1039 381 0
-8 -381 1039 0
-1040 9 0
-1040 385 0
-9 -385 1040 0
-1041 10 0
-1041 388 0
-10 -388 1041 0
-1042 11 0
-1042 390 0
-11 -390 1042 0
-1043 64 0
-1043 297 0
-64 -297 1043 0
-1044 65 0
-1044 301 0
-65 -301 1044 0
-1045 66 0
-1045 304 0
-66 -304 1045 0
-1046 67 0
-1046 306 0
-67 -306 1046 0
-1047 484 0
-1047 73 0
-484 -73 1047 0
-1048 485 0
-1048 77 0
-485 -77 1048 0
-1049 486 0
-1049 80 0
-486 -80 1049 0
-1050 487 0
-1050 82 0
-487 -82 1050 0
-1051 92 0
-1051 521 0
-92 -521 1051 0
-1052 93 0
-1052 525 0
-93 -525 1052 0
-1053 94 0
-1053 528 0
-94 -528 1053 0
-1054 95 0
-1054 530 0
-95 -530 1054 0
-1055 484 0
-1055 325 0
-484 -325 1055 0
-1056 485 0
-1056 329 0
-485 -329 1056 0
-1057 486 0
-1057 332 0
-486 -332 1057 0
-1058 487 0
-1058 334 0
-487 -334 1058 0
-1059 8 0
-1059 213 0
-8 -213 1059 0
-1060 9 0
-1060 217 0
-9 -217 1060 0
-1061 10 0
-1061 220 0
-10 -220 1061 0
-1062 11 0
-1062 222 0
-11 -222 1062 0
-1063 484 0
-1063 269 0
-484 -269 1063 0
-1064 485 0
-1064 273 0
-485 -273 1064 0
-1065 486 0
-1065 276 0
-486 -276 1065 0
-1066 487 0
-1066 278 0
-487 -278 1066 0
-1067 484 0
-1067 409 0
-484 -409 1067 0
-1068 485 0
-1068 413 0
-485 -413 1068 0
-1069 486 0
-1069 416 0
-486 -416 1069 0
-1070 487 0
-1070 418 0
-487 -418 1070 0
-1071 8 0
-1071 157 0
-8 -157 1071 0
-1072 9 0
-1072 161 0
-9 -161 1072 0
-1073 10 0
-1073 164 0
-10 -164 1073 0
-1074 11 0
-1074 166 0
-11 -166 1074 0
-1075 484 0
-1075 101 0
-484 -101 1075 0
-1076 485 0
-1076 105 0
-485 -105 1076 0
-1077 486 0
-1077 108 0
-486 -108 1077 0
-1078 487 0
-1078 110 0
-487 -110 1078 0
-124 1023 1024 1025 1026 1027 1028 1029 1030 1031 1032 1033 1034 1035 1036 1037 1038 1039 1040 1041 1042 1043 1044 1045 1046 1047 1048 1049 1050 1051 1052 1053 1054 1055 1056 1057 1058 1059 1060 1061 1062 1063 1064 1065 1066 1067 1068 1069 1070 1071 1072 1073 1074 1075 1076 1077 1078 0
-1079 484 0
-1079 18 0
-484 -18 1079 0
-1080 485 0
-1080 22 0
-485 -22 1080 0
-1081 486 0
-1081 25 0
-486 -25 1081 0
-1082 487 0
-1082 27 0
-487 -27 1082 0
-1083 488 0
-1083 28 0
-488 -28 1083 0
-1084 484 0
-1084 186 0
-484 -186 1084 0
-1085 485 0
-1085 190 0
-485 -190 1085 0
-1086 486 0
-1086 193 0
-486 -193 1086 0
-1087 487 0
-1087 195 0
-487 -195 1087 0
-1088 488 0
-1088 196 0
-488 -196 1088 0
-1089 8 0
-1089 522 0
-8 -522 1089 0
-1090 9 0
-1090 526 0
-9 -526 1090 0
-1091 10 0
-1091 529 0
-10 -529 1091 0
-1092 11 0
-1092 531 0
-11 -531 1092 0
-1093 12 0
-1093 532 0
-12 -532 1093 0
-1094 64 0
-1094 522 0
-64 -522 1094 0
-1095 65 0
-1095 526 0
-65 -526 1095 0
-1096 66 0
-1096 529 0
-66 -529 1096 0
-1097 67 0
-1097 531 0
-67 -531 1097 0
-1098 68 0
-1098 532 0
-68 -532 1098 0
-1099 8 0
-1099 382 0
-8 -382 1099 0
-1100 9 0
-1100 386 0
-9 -386 1100 0
-1101 10 0
-1101 389 0
-10 -389 1101 0
-1102 11 0
-1102 391 0
-11 -391 1102 0
-1103 12 0
-1103 392 0
-12 -392 1103 0
-1104 64 0
-1104 298 0
-64 -298 1104 0
-1105 65 0
-1105 302 0
-65 -302 1105 0
-1106 66 0
-1106 305 0
-66 -305 1106 0
-1107 67 0
-1107 307 0
-67 -307 1107 0
-1108 68 0
-1108 308 0
-68 -308 1108 0
-1109 484 0
-1109 74 0
-484 -74 1109 0
-1110 485 0
-1110 78 0
-485 -78 1110 0
-1111 486 0
-1111 81 0
-486 -81 1111 0
-1112 487 0
-1112 83 0
-487 -83 1112 0
-1113 488 0
-1113 84 0
-488 -84 1113 0
-1114 92 0
-1114 522 0
-92 -522 1114 0
-1115 93 0
-1115 526 0
-93 -526 1115 0
-1116 94 0
-1116 529 0
-94 -529 1116 0
-1117 95 0
-1117 531 0
-95 -531 1117 0
-1118 96 0
-1118 532 0
-96 -532 1118 0
-1119 484 0
-1119 326 0
-484 -326 1119 0
-1120 485 0
-1120 330 0
-485 -330 1120 0
-1121 486 0
-1121 333 0
-486 -333 1121 0
-1122 487 0
-1122 335 0
-487 -335 1122 0
-1123 488 0
-1123 336 0
-488 -336 1123 0
-1124 8 0
-1124 214 0
-8 -214 1124 0
-1125 9 0
-1125 218 0
-9 -218 1125 0
-1126 10 0
-1126 221 0
-10 -221 1126 0
-1127 11 0
-1127 223 0
-11 -223 1127 0
-1128 12 0
-1128 224 0
-12 -224 1128 0
-1129 484 0
-1129 270 0
-484 -270 1129 0
-1130 485 0
-1130 274 0
-485 -274 1130 0
-1131 486 0
-1131 277 0
-486 -277 1131 0
-1132 487 0
-1132 279 0
-487 -279 1132 0
-1133 488 0
-1133 280 0
-488 -280 1133 0
-1134 484 0
-1134 410 0
-484 -410 1134 0
-1135 485 0
-1135 414 0
-485 -414 1135 0
-1136 486 0
-1136 417 0
-486 -417 1136 0
-1137 487 0
-1137 419 0
-487 -419 1137 0
-1138 488 0
-1138 420 0
-488 -420 1138 0
-1139 8 0
-1139 158 0
-8 -158 1139 0
-1140 9 0
-1140 162 0
-9 -162 1140 0
-1141 10 0
-1141 165 0
-10 -165 1141 0
-1142 11 0
-1142 167 0
-11 -167 1142 0
-1143 12 0
-1143 168 0
-12 -168 1143 0
-1144 484 0
-1144 102 0
-484 -102 1144 0
-1145 485 0
-1145 106 0
-485 -106 1145 0
-1146 486 0
-1146 109 0
-486 -109 1146 0
-1147 487 0
-1147 111 0
-487 -111 1147 0
-1148 488 0
-1148 112 0
-488 -112 1148 0
-125 1079 1080 1081 1082 1083 1084 1085 1086 1087 1088 1089 1090 1091 1092 1093 1094 1095 1096 1097 1098 1099 1100 1101 1102 1103 1104 1105 1106 1107 1108 1109 1110 1111 1112 1113 1114 1115 1116 1117 1118 1119 1120 1121 1122 1123 1124 1125 1126 1127 1128 1129 1130 1131 1132 1133 1134 1135 1136 1137 1138 1139 1140 1141 1142 1143 1144 1145 1146 1147 1148 0
-1149 490 0
-1149 19 0
-490 -19 1149 0
-1150 490 0
-1150 187 0
-490 -187 1150 0
-1151 14 0
-1151 523 0
-14 -523 1151 0
-1152 70 0
-1152 523 0
-70 -523 1152 0
-1153 14 0
-1153 383 0
-14 -383 1153 0
-1154 70 0
-1154 299 0
-70 -299 1154 0
-1155 490 0
-1155 75 0
-490 -75 1155 0
-1156 98 0
-1156 523 0
-98 -523 1156 0
-1157 490 0
-1157 327 0
-490 -327 1157 0
-1158 14 0
-1158 215 0
-14 -215 1158 0
-1159 490 0
-1159 271 0
-490 -271 1159 0
-1160 490 0
-1160 411 0
-490 -411 1160 0
-1161 14 0
-1161 159 0
-14 -159 1161 0
-1162 490 0
-1162 103 0
-490 -103 1162 0
-127 1149 1150 1151 1152 1153 1154 1155 1156 1157 1158 1159 1160 1161 1162 0
-1163 490 0
-1163 20 0
-490 -20 1163 0
-1164 491 0
-1164 23 0
-491 -23 1164 0
-1165 490 0
-1165 188 0
-490 -188 1165 0
-1166 491 0
-1166 191 0
-491 -191 1166 0
-1167 14 0
-1167 524 0
-14 -524 1167 0
-1168 15 0
-1168 527 0
-15 -527 1168 0
-1169 70 0
-1169 524 0
-70 -524 1169 0
-1170 71 0
-1170 527 0
-71 -527 1170 0
-1171 14 0
-1171 384 0
-14 -384 1171 0
-1172 15 0
-1172 387 0
-15 -387 1172 0
-1173 70 0
-1173 300 0
-70 -300 1173 0
-1174 71 0
-1174 303 0
-71 -303 1174 0
-1175 490 0
-1175 76 0
-490 -76 1175 0
-1176 491 0
-1176 79 0
-491 -79 1176 0
-1177 98 0
-1177 524 0
-98 -524 1177 0
-1178 99 0
-1178 527 0
-99 -527 1178 0
-1179 490 0
-1179 328 0
-490 -328 1179 0
-1180 491 0
-1180 331 0
-491 -331 1180 0
-1181 14 0
-1181 216 0
-14 -216 1181 0
-1182 15 0
-1182 219 0
-15 -219 1182 0
-1183 490 0
-1183 272 0
-490 -272 1183 0
-1184 491 0
-1184 275 0
-491 -275 1184 0
-1185 490 0
-1185 412 0
-490 -412 1185 0
-1186 491 0
-1186 415 0
-491 -415 1186 0
-1187 14 0
-1187 160 0
-14 -160 1187 0
-1188 15 0
-1188 163 0
-15 -163 1188 0
-1189 490 0
-1189 104 0
-490 -104 1189 0
-1190 491 0
-1190 107 0
-491 -107 1190 0
-128 1163 1164 1165 1166 1167 1168 1169 1170 1171 1172 1173 1174 1175 1176 1177 1178 1179 1180 1181 1182 1183 1184 1185 1186 1187 1188 1189 1190 0
-1191 490 0
-1191 21 0
-490 -21 1191 0
-1192 491 0
-1192 24 0
-491 -24 1192 0
-1193 492 0
-1193 26 0
-492 -26 1193 0
-1194 490 0
-1194 189 0
-490 -189 1194 0
-1195 491 0
-1195 192 0
-491 -192 1195 0
-1196 492 0
-1196 194 0
-492 -194 1196 0
-1197 14 0
-1197 525 0
-14 -525 1197 0
-1198 15 0
-1198 528 0
-15 -528 1198 0
-1199 16 0
-1199 530 0
-16 -530 1199 0
-1200 70 0
-1200 525 0
-70 -525 1200 0
-1201 71 0
-1201 528 0
-71 -528 1201 0
-1202 72 0
-1202 530 0
-72 -530 1202 0
-1203 14 0
-1203 385 0
-14 -385 1203 0
-1204 15 0
-1204 388 0
-15 -388 1204 0
-1205 16 0
-1205 390 0
-16 -390 1205 0
-1206 70 0
-1206 301 0
-70 -301 1206 0
-1207 71 0
-1207 304 0
-71 -304 1207 0
-1208 72 0
-1208 306 0
-72 -306 1208 0
-1209 490 0
-1209 77 0
-490 -77 1209 0
-1210 491 0
-1210 80 0
-491 -80 1210 0
-1211 492 0
-1211 82 0
-492 -82 1211 0
-1212 98 0
-1212 525 0
-98 -525 1212 0
-1213 99 0
-1213 528 0
-99 -528 1213 0
-1214 100 0
-1214 530 0
-100 -530 1214 0
-1215 490 0
-1215 329 0
-490 -329 1215 0
-1216 491 0
-1216 332 0
-491 -332 1216 0
-1217 492 0
-1217 334 0
-492 -334 1217 0
-1218 14 0
-1218 217 0
-14 -217 1218 0
-1219 15 0
-1219 220 0
-15 -220 1219 0
-1220 16 0
-1220 222 0
-16 -222 1220 0
-1221 490 0
-1221 273 0
-490 -273 1221 0
-1222 491 0
-1222 276 0
-491 -276 1222 0
-1223 492 0
-1223 278 0
-492 -278 1223 0
-1224 490 0
-1224 413 0
-490 -413 1224 0
-1225 491 0
-1225 416 0
-491 -416 1225 0
-1226 492 0
-1226 418 0
-492 -418 1226 0
-1227 14 0
-1227 161 0
-14 -161 1227 0
-1228 15 0
-1228 164 0
-15 -164 1228 0
-1229 16 0
-1229 166 0
-16 -166 1229 0
-1230 490 0
-1230 105 0
-490 -105 1230 0
-1231 491 0
-1231 108 0
-491 -108 1231 0
-1232 492 0
-1232 110 0
-492 -110 1232 0
-129 1191 1192 1193 1194 1195 1196 1197 1198 1199 1200 1201 1202 1203 1204 1205 1206 1207 1208 1209 1210 1211 1212 1213 1214 1215 1216 1217 1218 1219 1220 1221 1222 1223 1224 1225 1226 1227 1228 1229 1230 1231 1232 0
-1233 490 0
-1233 22 0
-490 -22 1233 0
-1234 491 0
-1234 25 0
-491 -25 1234 0
-1235 492 0
-1235 27 0
-492 -27 1235 0
-1236 493 0
-1236 28 0
-493 -28 1236 0
-1237 490 0
-1237 190 0
-490 -190 1237 0
-1238 491 0
-1238 193 0
-491 -193 1238 0
-1239 492 0
-1239 195 0
-492 -195 1239 0
-1240 493 0
-1240 196 0
-493 -196 1240 0
-1241 14 0
-1241 526 0
-14 -526 1241 0
-1242 15 0
-1242 529 0
-15 -529 1242 0
-1243 16 0
-1243 531 0
-16 -531 1243 0
-1244 17 0
-1244 532 0
-17 -532 1244 0
-1245 70 0
-1245 526 0
-70 -526 1245 0
-1246 71 0
-1246 529 0
-71 -529 1246 0
-1247 72 0
-1247 531 0
-72 -531 1247 0
-1248 73 0
-1248 532 0
-73 -532 1248 0
-1249 14 0
-1249 386 0
-14 -386 1249 0
-1250 15 0
-1250 389 0
-15 -389 1250 0
-1251 16 0
-1251 391 0
-16 -391 1251 0
-1252 17 0
-1252 392 0
-17 -392 1252 0
-1253 70 0
-1253 302 0
-70 -302 1253 0
-1254 71 0
-1254 305 0
-71 -305 1254 0
-1255 72 0
-1255 307 0
-72 -307 1255 0
-1256 73 0
-1256 308 0
-73 -308 1256 0
-1257 490 0
-1257 78 0
-490 -78 1257 0
-1258 491 0
-1258 81 0
-491 -81 1258 0
-1259 492 0
-1259 83 0
-492 -83 1259 0
-1260 493 0
-1260 84 0
-493 -84 1260 0
-1261 98 0
-1261 526 0
-98 -526 1261 0
-1262 99 0
-1262 529 0
-99 -529 1262 0
-1263 100 0
-1263 531 0
-100 -531 1263 0
-1264 101 0
-1264 532 0
-101 -532 1264 0
-1265 490 0
-1265 330 0
-490 -330 1265 0
-1266 491 0
-1266 333 0
-491 -333 1266 0
-1267 492 0
-1267 335 0
-492 -335 1267 0
-1268 493 0
-1268 336 0
-493 -336 1268 0
-1269 14 0
-1269 218 0
-14 -218 1269 0
-1270 15 0
-1270 221 0
-15 -221 1270 0
-1271 16 0
-1271 223 0
-16 -223 1271 0
-1272 17 0
-1272 224 0
-17 -224 1272 0
-1273 490 0
-1273 274 0
-490 -274 1273 0
-1274 491 0
-1274 277 0
-491 -277 1274 0
-1275 492 0
-1275 279 0
-492 -279 1275 0
-1276 493 0
-1276 280 0
-493 -280 1276 0
-1277 490 0
-1277 414 0
-490 -414 1277 0
-1278 491 0
-1278 417 0
-491 -417 1278 0
-1279 492 0
-1279 419 0
-492 -419 1279 0
-1280 493 0
-1280 420 0
-493 -420 1280 0
-1281 14 0
-1281 162 0
-14 -162 1281 0
-1282 15 0
-1282 165 0
-15 -165 1282 0
-1283 16 0
-1283 167 0
-16 -167 1283 0
-1284 17 0
-1284 168 0
-17 -168 1284 0
-1285 490 0
-1285 106 0
-490 -106 1285 0
-1286 491 0
-1286 109 0
-491 -109 1286 0
-1287 492 0
-1287 111 0
-492 -111 1287 0
-1288 493 0
-1288 112 0
-493 -112 1288 0
-130 1233 1234 1235 1236 1237 1238 1239 1240 1241 1242 1243 1244 1245 1246 1247 1248 1249 1250 1251 1252 1253 1254 1255 1256 1257 1258 1259 1260 1261 1262 1263 1264 1265 1266 1267 1268 1269 1270 1271 1272 1273 1274 1275 1276 1277 1278 1279 1280 1281 1282 1283 1284 1285 1286 1287 1288 0
-1289 495 0
-1289 23 0
-495 -23 1289 0
-1290 495 0
-1290 191 0
-495 -191 1290 0
-1291 19 0
-1291 527 0
-19 -527 1291 0
-1292 75 0
-1292 527 0
-75 -527 1292 0
-1293 19 0
-1293 387 0
-19 -387 1293 0
-1294 75 0
-1294 303 0
-75 -303 1294 0
-1295 495 0
-1295 79 0
-495 -79 1295 0
-1296 103 0
-1296 527 0
-103 -527 1296 0
-1297 495 0
-1297 331 0
-495 -331 1297 0
-1298 19 0
-1298 219 0
-19 -219 1298 0
-1299 495 0
-1299 275 0
-495 -275 1299 0
-1300 495 0
-1300 415 0
-495 -415 1300 0
-1301 19 0
-1301 163 0
-19 -163 1301 0
-1302 495 0
-1302 107 0
-495 -107 1302 0
-132 1289 1290 1291 1292 1293 1294 1295 1296 1297 1298 1299 1300 1301 1302 0
-1303 495 0
-1303 24 0
-495 -24 1303 0
-1304 496 0
-1304 26 0
-496 -26 1304 0
-1305 495 0
-1305 192 0
-495 -192 1305 0
-1306 496 0
-1306 194 0
-496 -194 1306 0
-1307 19 0
-1307 528 0
-19 -528 1307 0
-1308 20 0
-1308 530 0
-20 -530 1308 0
-1309 75 0
-1309 528 0
-75 -528 1309 0
-1310 76 0
-1310 530 0
-76 -530 1310 0
-1311 19 0
-1311 388 0
-19 -388 1311 0
-1312 20 0
-1312 390 0
-20 -390 1312 0
-1313 75 0
-1313 304 0
-75 -304 1313 0
-1314 76 0
-1314 306 0
-76 -306 1314 0
-1315 495 0
-1315 80 0
-495 -80 1315 0
-1316 496 0
-1316 82 0
-496 -82 1316 0
-1317 103 0
-1317 528 0
-103 -528 1317 0
-1318 104 0
-1318 530 0
-104 -530 1318 0
-1319 495 0
-1319 332 0
-495 -332 1319 0
-1320 496 0
-1320 334 0
-496 -334 1320 0
-1321 19 0
-1321 220 0
-19 -220 1321 0
-1322 20 0
-1322 222 0
-20 -222 1322 0
-1323 495 0
-1323 276 0
-495 -276 1323 0
-1324 496 0
-1324 278 0
-496 -278 1324 0
-1325 495 0
-1325 416 0
-495 -416 1325 0
-1326 496 0
-1326 418 0
-496 -418 1326 0
-1327 19 0
-1327 164 0
-19 -164 1327 0
-1328 20 0
-1328 166 0
-20 -166 1328 0
-1329 495 0
-1329 108 0
-495 -108 1329 0
-1330 496 0
-1330 110 0
-496 -110 1330 0
-133 1303 1304 1305 1306 1307 1308 1309 1310 1311 1312 1313 1314 1315 1316 1317 1318 1319 1320 1321 1322 1323 1324 1325 1326 1327 1328 1329 1330 0
-1331 495 0
-1331 25 0
-495 -25 1331 0
-1332 496 0
-1332 27 0
-496 -27 1332 0
-1333 497 0
-1333 28 0
-497 -28 1333 0
-1334 495 0
-1334 193 0
-495 -193 1334 0
-1335 496 0
-1335 195 0
-496 -195 1335 0
-1336 497 0
-1336 196 0
-497 -196 1336 0
-1337 19 0
-1337 529 0
-19 -529 1337 0
-1338 20 0
-1338 531 0
-20 -531 1338 0
-1339 21 0
-1339 532 0
-21 -532 1339 0
-1340 75 0
-1340 529 0
-75 -529 1340 0
-1341 76 0
-1341 531 0
-76 -531 1341 0
-1342 77 0
-1342 532 0
-77 -532 1342 0
-1343 19 0
-1343 389 0
-19 -389 1343 0
-1344 20 0
-1344 391 0
-20 -391 1344 0
-1345 21 0
-1345 392 0
-21 -392 1345 0
-1346 75 0
-1346 305 0
-75 -305 1346 0
-1347 76 0
-1347 307 0
-76 -307 1347 0
-1348 77 0
-1348 308 0
-77 -308 1348 0
-1349 495 0
-1349 81 0
-495 -81 1349 0
-1350 496 0
-1350 83 0
-496 -83 1350 0
-1351 497 0
-1351 84 0
-497 -84 1351 0
-1352 103 0
-1352 529 0
-103 -529 1352 0
-1353 104 0
-1353 531 0
-104 -531 1353 0
-1354 105 0
-1354 532 0
-105 -532 1354 0
-1355 495 0
-1355 333 0
-495 -333 1355 0
-1356 496 0
-1356 335 0
-496 -335 1356 0
-1357 497 0
-1357 336 0
-497 -336 1357 0
-1358 19 0
-1358 221 0
-19 -221 1358 0
-1359 20 0
-1359 223 0
-20 -223 1359 0
-1360 21 0
-1360 224 0
-21 -224 1360 0
-1361 495 0
-1361 277 0
-495 -277 1361 0
-1362 496 0
-1362 279 0
-496 -279 1362 0
-1363 497 0
-1363 280 0
-497 -280 1363 0
-1364 495 0
-1364 417 0
-495 -417 1364 0
-1365 496 0
-1365 419 0
-496 -419 1365 0
-1366 497 0
-1366 420 0
-497 -420 1366 0
-1367 19 0
-1367 165 0
-19 -165 1367 0
-1368 20 0
-1368 167 0
-20 -167 1368 0
-1369 21 0
-1369 168 0
-21 -168 1369 0
-1370 495 0
-1370 109 0
-495 -109 1370 0
-1371 496 0
-1371 111 0
-496 -111 1371 0
-1372 497 0
-1372 112 0
-497 -112 1372 0
-134 1331 1332 1333 1334 1335 1336 1337 1338 1339 1340 1341 1342 1343 1344 1345 1346 1347 1348 1349 1350 1351 1352 1353 1354 1355 1356 1357 1358 1359 1360 1361 1362 1363 1364 1365 1366 1367 1368 1369 1370 1371 1372 0
-1373 499 0
-1373 26 0
-499 -26 1373 0
-1374 499 0
-1374 194 0
-499 -194 1374 0
-1375 23 0
-1375 530 0
-23 -530 1375 0
-1376 79 0
-1376 530 0
-79 -530 1376 0
-1377 23 0
-1377 390 0
-23 -390 1377 0
-1378 79 0
-1378 306 0
-79 -306 1378 0
-1379 499 0
-1379 82 0
-499 -82 1379 0
-1380 107 0
-1380 530 0
-107 -530 1380 0
-1381 499 0
-1381 334 0
-499 -334 1381 0
-1382 23 0
-1382 222 0
-23 -222 1382 0
-1383 499 0
-1383 278 0
-499 -278 1383 0
-1384 499 0
-1384 418 0
-499 -418 1384 0
-1385 23 0
-1385 166 0
-23 -166 1385 0
-1386 499 0
-1386 110 0
-499 -110 1386 0
-136 1373 1374 1375 1376 1377 1378 1379 1380 1381 1382 1383 1384 1385 1386 0
-1387 499 0
-1387 27 0
-499 -27 1387 0
-1388 500 0
-1388 28 0
-500 -28 1388 0
-1389 499 0
-1389 195 0
-499 -195 1389 0
-1390 500 0
-1390 196 0
-500 -196 1390 0
-1391 23 0
-1391 531 0
-23 -531 1391 0
-1392 24 0
-1392 532 0
-24 -532 1392 0
-1393 79 0
-1393 531 0
-79 -531 1393 0
-1394 80 0
-1394 532 0
-80 -532 1394 0
-1395 23 0
-1395 391 0
-23 -391 1395 0
-1396 24 0
-1396 392 0
-24 -392 1396 0
-1397 79 0
-1397 307 0
-79 -307 1397 0
-1398 80 0
-1398 308 0
-80 -308 1398 0
-1399 499 0
-1399 83 0
-499 -83 1399 0
-1400 500 0
-1400 84 0
-500 -84 1400 0
-1401 107 0
-1401 531 0
-107 -531 1401 0
-1402 108 0
-1402 532 0
-108 -532 1402 0
-1403 499 0
-1403 335 0
-499 -335 1403 0
-1404 500 0
-1404 336 0
-500 -336 1404 0
-1405 23 0
-1405 223 0
-23 -223 1405 0
-1406 24 0
-1406 224 0
-24 -224 1406 0
-1407 499 0
-1407 279 0
-499 -279 1407 0
-1408 500 0
-1408 280 0
-500 -280 1408 0
-1409 499 0
-1409 419 0
-499 -419 1409 0
-1410 500 0
-1410 420 0
-500 -420 1410 0
-1411 23 0
-1411 167 0
-23 -167 1411 0
-1412 24 0
-1412 168 0
-24 -168 1412 0
-1413 499 0
-1413 111 0
-499 -111 1413 0
-1414 500 0
-1414 112 0
-500 -112 1414 0
-137 1387 1388 1389 1390 1391 1392 1393 1394 1395 1396 1397 1398 1399 1400 1401 1402 1403 1404 1405 1406 1407 1408 1409 1410 1411 1412 1413 1414 0
-1415 502 0
-1415 28 0
-502 -28 1415 0
-1416 502 0
-1416 196 0
-502 -196 1416 0
-1417 26 0
-1417 532 0
-26 -532 1417 0
-1418 82 0
-1418 532 0
-82 -532 1418 0
-1419 26 0
-1419 392 0
-26 -392 1419 0
-1420 82 0
-1420 308 0
-82 -308 1420 0
-1421 502 0
-1421 84 0
-502 -84 1421 0
-1422 110 0
-1422 532 0
-110 -532 1422 0
-1423 502 0
-1423 336 0
-502 -336 1423 0
-1424 26 0
-1424 224 0
-26 -224 1424 0
-1425 502 0
-1425 280 0
-502 -280 1425 0
-1426 502 0
-1426 420 0
-502 -420 1426 0
-1427 26 0
-1427 168 0
-26 -168 1427 0
-1428 502 0
-1428 112 0
-502 -112 1428 0
-139 1415 1416 1417 1418 1419 1420 1421 1422 1423 1424 1425 1426 1427 1428 0
-1429 421 0
-1429 428 0
-421 -428 1429 0
-30 1429 0
-1430 421 0
-1430 429 0
-421 -429 1430 0
-1431 422 0
-1431 434 0
-422 -434 1431 0
-31 1430 1431 0
-1432 421 0
-1432 430 0
-421 -430 1432 0
-1433 422 0
-1433 435 0
-422 -435 1433 0
-1434 423 0
-1434 439 0
-423 -439 1434 0
-32 1432 1433 1434 0
-1435 421 0
-1435 431 0
-421 -431 1435 0
-1436 422 0
-1436 436 0
-422 -436 1436 0
-1437 423 0
-1437 440 0
-423 -440 1437 0
-1438 424 0
-1438 443 0
-424 -443 1438 0
-33 1435 1436 1437 1438 0
-1439 421 0
-1439 432 0
-421 -432 1439 0
-1440 422 0
-1440 437 0
-422 -437 1440 0
-1441 423 0
-1441 441 0
-423 -441 1441 0
-1442 424 0
-1442 444 0
-424 -444 1442 0
-1443 425 0
-1443 446 0
-425 -446 1443 0
-34 1439 1440 1441 1442 1443 0
-1444 421 0
-1444 433 0
-421 -433 1444 0
-1445 422 0
-1445 438 0
-422 -438 1445 0
-1446 423 0
-1446 442 0
-423 -442 1446 0
-1447 424 0
-1447 445 0
-424 -445 1447 0
-1448 425 0
-1448 447 0
-425 -447 1448 0
-1449 426 0
-1449 448 0
-426 -448 1449 0
-35 1444 1445 1446 1447 1448 1449 0
-1450 428 0
-1450 434 0
-428 -434 1450 0
-37 1450 0
-1451 428 0
-1451 435 0
-428 -435 1451 0
-1452 429 0
-1452 439 0
-429 -439 1452 0
-38 1451 1452 0
-1453 428 0
-1453 436 0
-428 -436 1453 0
-1454 429 0
-1454 440 0
-429 -440 1454 0
-1455 430 0
-1455 443 0
-430 -443 1455 0
-39 1453 1454 1455 0
-1456 428 0
-1456 437 0
-428 -437 1456 0
-1457 429 0
-1457 441 0
-429 -441 1457 0
-1458 430 0
-1458 444 0
-430 -444 1458 0
-1459 431 0
-1459 446 0
-431 -446 1459 0
-40 1456 1457 1458 1459 0
-1460 428 0
-1460 438 0
-428 -438 1460 0
-1461 429 0
-1461 442 0
-429 -442 1461 0
-1462 430 0
-1462 445 0
-430 -445 1462 0
-1463 431 0
-1463 447 0
-431 -447 1463 0
-1464 432 0
-1464 448 0
-432 -448 1464 0
-41 1460 1461 1462 1463 1464 0
-1465 434 0
-1465 439 0
-434 -439 1465 0
-43 1465 0
-1466 434 0
-1466 440 0
-434 -440 1466 0
-1467 435 0
-1467 443 0
-435 -443 1467 0
-44 1466 1467 0
-1468 434 0
-1468 441 0
-434 -441 1468 0
-1469 435 0
-1469 444 0
-435 -444 1469 0
-1470 436 0
-1470 446 0
-436 -446 1470 0
-45 1468 1469 1470 0
-1471 434 0
-1471 442 0
-434 -442 1471 0
-1472 435 0
-1472 445 0
-435 -445 1472 0
-1473 436 0
-1473 447 0
-436 -447 1473 0
-1474 437 0
-1474 448 0
-437 -448 1474 0
-46 1471 1472 1473 1474 0
-1475 439 0
-1475 443 0
-439 -443 1475 0
-48 1475 0
-1476 439 0
-1476 444 0
-439 -444 1476 0
-1477 440 0
-1477 446 0
-440 -446 1477 0
-49 1476 1477 0
-1478 439 0
-1478 445 0
-439 -445 1478 0
-1479 440 0
-1479 447 0
-440 -447 1479 0
-1480 441 0
-1480 448 0
-441 -448 1480 0
-50 1478 1479 1480 0
-1481 443 0
-1481 446 0
-443 -446 1481 0
-52 1481 0
-1482 443 0
-1482 447 0
-443 -447 1482 0
-1483 444 0
-1483 448 0
-444 -448 1483 0
-53 1482 1483 0
-1484 446 0
-1484 448 0
-446 -448 1484 0
-55 1484 0
-1485 85 0
-1485 512 0
-85 -512 1485 0
-142 1485 0
-1486 85 0
-1486 513 0
-85 -513 1486 0
-1487 86 0
-1487 518 0
-86 -518 1487 0
-143 1486 1487 0
-1488 85 0
-1488 514 0
-85 -514 1488 0
-1489 86 0
-1489 519 0
-86 -519 1489 0
-1490 87 0
-1490 523 0
-87 -523 1490 0
-144 1488 1489 1490 0
-1491 85 0
-1491 515 0
-85 -515 1491 0
-1492 86 0
-1492 520 0
-86 -520 1492 0
-1493 87 0
-1493 524 0
-87 -524 1493 0
-1494 88 0
-1494 527 0
-88 -527 1494 0
-145 1491 1492 1493 1494 0
-1495 85 0
-1495 516 0
-85 -516 1495 0
-1496 86 0
-1496 521 0
-86 -521 1496 0
-1497 87 0
-1497 525 0
-87 -525 1497 0
-1498 88 0
-1498 528 0
-88 -528 1498 0
-1499 89 0
-1499 530 0
-89 -530 1499 0
-146 1495 1496 1497 1498 1499 0
-1500 85 0
-1500 517 0
-85 -517 1500 0
-1501 86 0
-1501 522 0
-86 -522 1501 0
-1502 87 0
-1502 526 0
-87 -526 1502 0
-1503 88 0
-1503 529 0
-88 -529 1503 0
-1504 89 0
-1504 531 0
-89 -531 1504 0
-1505 90 0
-1505 532 0
-90 -532 1505 0
-147 1500 1501 1502 1503 1504 1505 0
-1506 92 0
-1506 518 0
-92 -518 1506 0
-149 1506 0
-1507 92 0
-1507 519 0
-92 -519 1507 0
-1508 93 0
-1508 523 0
-93 -523 1508 0
-150 1507 1508 0
-1509 92 0
-1509 520 0
-92 -520 1509 0
-1510 93 0
-1510 524 0
-93 -524 1510 0
-1511 94 0
-1511 527 0
-94 -527 1511 0
-151 1509 1510 1511 0
-1512 92 0
-1512 521 0
-92 -521 1512 0
-1513 93 0
-1513 525 0
-93 -525 1513 0
-1514 94 0
-1514 528 0
-94 -528 1514 0
-1515 95 0
-1515 530 0
-95 -530 1515 0
-152 1512 1513 1514 1515 0
-1516 92 0
-1516 522 0
-92 -522 1516 0
-1517 93 0
-1517 526 0
-93 -526 1517 0
-1518 94 0
-1518 529 0
-94 -529 1518 0
-1519 95 0
-1519 531 0
-95 -531 1519 0
-1520 96 0
-1520 532 0
-96 -532 1520 0
-153 1516 1517 1518 1519 1520 0
-1521 98 0
-1521 523 0
-98 -523 1521 0
-155 1521 0
-1522 98 0
-1522 524 0
-98 -524 1522 0
-1523 99 0
-1523 527 0
-99 -527 1523 0
-156 1522 1523 0
-1524 98 0
-1524 525 0
-98 -525 1524 0
-1525 99 0
-1525 528 0
-99 -528 1525 0
-1526 100 0
-1526 530 0
-100 -530 1526 0
-157 1524 1525 1526 0
-1527 98 0
-1527 526 0
-98 -526 1527 0
-1528 99 0
-1528 529 0
-99 -529 1528 0
-1529 100 0
-1529 531 0
-100 -531 1529 0
-1530 101 0
-1530 532 0
-101 -532 1530 0
-158 1527 1528 1529 1530 0
-1531 103 0
-1531 527 0
-103 -527 1531 0
-160 1531 0
-1532 103 0
-1532 528 0
-103 -528 1532 0
-1533 104 0
-1533 530 0
-104 -530 1533 0
-161 1532 1533 0
-1534 103 0
-1534 529 0
-103 -529 1534 0
-1535 104 0
-1535 531 0
-104 -531 1535 0
-1536 105 0
-1536 532 0
-105 -532 1536 0
-162 1534 1535 1536 0
-1537 107 0
-1537 530 0
-107 -530 1537 0
-164 1537 0
-1538 107 0
-1538 531 0
-107 -531 1538 0
-1539 108 0
-1539 532 0
-108 -532 1539 0
-165 1538 1539 0
-1540 110 0
-1540 532 0
-110 -532 1540 0
-167 1540 0
-1541 57 0
-1541 92 0
-57 -92 1541 0
-170 1541 0
-1542 57 0
-1542 93 0
-57 -93 1542 0
-1543 58 0
-1543 98 0
-58 -98 1543 0
-171 1542 1543 0
-1544 57 0
-1544 94 0
-57 -94 1544 0
-1545 58 0
-1545 99 0
-58 -99 1545 0
-1546 59 0
-1546 103 0
-59 -103 1546 0
-172 1544 1545 1546 0
-1547 57 0
-1547 95 0
-57 -95 1547 0
-1548 58 0
-1548 100 0
-58 -100 1548 0
-1549 59 0
-1549 104 0
-59 -104 1549 0
-1550 60 0
-1550 107 0
-60 -107 1550 0
-173 1547 1548 1549 1550 0
-1551 57 0
-1551 96 0
-57 -96 1551 0
-1552 58 0
-1552 101 0
-58 -101 1552 0
-1553 59 0
-1553 105 0
-59 -105 1553 0
-1554 60 0
-1554 108 0
-60 -108 1554 0
-1555 61 0
-1555 110 0
-61 -110 1555 0
-174 1551 1552 1553 1554 1555 0
-1556 57 0
-1556 97 0
-57 -97 1556 0
-1557 58 0
-1557 102 0
-58 -102 1557 0
-1558 59 0
-1558 106 0
-59 -106 1558 0
-1559 60 0
-1559 109 0
-60 -109 1559 0
-1560 61 0
-1560 111 0
-61 -111 1560 0
-1561 62 0
-1561 112 0
-62 -112 1561 0
-175 1556 1557 1558 1559 1560 1561 0
-1562 64 0
-1562 98 0
-64 -98 1562 0
-177 1562 0
-1563 64 0
-1563 99 0
-64 -99 1563 0
-1564 65 0
-1564 103 0
-65 -103 1564 0
-178 1563 1564 0
-1565 64 0
-1565 100 0
-64 -100 1565 0
-1566 65 0
-1566 104 0
-65 -104 1566 0
-1567 66 0
-1567 107 0
-66 -107 1567 0
-179 1565 1566 1567 0
-1568 64 0
-1568 101 0
-64 -101 1568 0
-1569 65 0
-1569 105 0
-65 -105 1569 0
-1570 66 0
-1570 108 0
-66 -108 1570 0
-1571 67 0
-1571 110 0
-67 -110 1571 0
-180 1568 1569 1570 1571 0
-1572 64 0
-1572 102 0
-64 -102 1572 0
-1573 65 0
-1573 106 0
-65 -106 1573 0
-1574 66 0
-1574 109 0
-66 -109 1574 0
-1575 67 0
-1575 111 0
-67 -111 1575 0
-1576 68 0
-1576 112 0
-68 -112 1576 0
-181 1572 1573 1574 1575 1576 0
-1577 70 0
-1577 103 0
-70 -103 1577 0
-183 1577 0
-1578 70 0
-1578 104 0
-70 -104 1578 0
-1579 71 0
-1579 107 0
-71 -107 1579 0
-184 1578 1579 0
-1580 70 0
-1580 105 0
-70 -105 1580 0
-1581 71 0
-1581 108 0
-71 -108 1581 0
-1582 72 0
-1582 110 0
-72 -110 1582 0
-185 1580 1581 1582 0
-1583 70 0
-1583 106 0
-70 -106 1583 0
-1584 71 0
-1584 109 0
-71 -109 1584 0
-1585 72 0
-1585 111 0
-72 -111 1585 0
-1586 73 0
-1586 112 0
-73 -112 1586 0
-186 1583 1584 1585 1586 0
-1587 75 0
-1587 107 0
-75 -107 1587 0
-188 1587 0
-1588 75 0
-1588 108 0
-75 -108 1588 0
-1589 76 0
-1589 110 0
-76 -110 1589 0
-189 1588 1589 0
-1590 75 0
-1590 109 0
-75 -109 1590 0
-1591 76 0
-1591 111 0
-76 -111 1591 0
-1592 77 0
-1592 112 0
-77 -112 1592 0
-190 1590 1591 1592 0
-1593 79 0
-1593 110 0
-79 -110 1593 0
-192 1593 0
-1594 79 0
-1594 111 0
-79 -111 1594 0
-1595 80 0
-1595 112 0
-80 -112 1595 0
-193 1594 1595 0
-1596 82 0
-1596 112 0
-82 -112 1596 0
-195 1596 0
-1597 57 0
-1597 232 0
-57 -232 1597 0
-198 1597 0
-1598 57 0
-1598 233 0
-57 -233 1598 0
-1599 58 0
-1599 238 0
-58 -238 1599 0
-199 1598 1599 0
-1600 57 0
-1600 234 0
-57 -234 1600 0
-1601 58 0
-1601 239 0
-58 -239 1601 0
-1602 59 0
-1602 243 0
-59 -243 1602 0
-200 1600 1601 1602 0
-1603 57 0
-1603 235 0
-57 -235 1603 0
-1604 58 0
-1604 240 0
-58 -240 1604 0
-1605 59 0
-1605 244 0
-59 -244 1605 0
-1606 60 0
-1606 247 0
-60 -247 1606 0
-201 1603 1604 1605 1606 0
-1607 57 0
-1607 236 0
-57 -236 1607 0
-1608 58 0
-1608 241 0
-58 -241 1608 0
-1609 59 0
-1609 245 0
-59 -245 1609 0
-1610 60 0
-1610 248 0
-60 -248 1610 0
-1611 61 0
-1611 250 0
-61 -250 1611 0
-202 1607 1608 1609 1610 1611 0
-1612 57 0
-1612 237 0
-57 -237 1612 0
-1613 58 0
-1613 242 0
-58 -242 1613 0
-1614 59 0
-1614 246 0
-59 -246 1614 0
-1615 60 0
-1615 249 0
-60 -249 1615 0
-1616 61 0
-1616 251 0
-61 -251 1616 0
-1617 62 0
-1617 252 0
-62 -252 1617 0
-203 1612 1613 1614 1615 1616 1617 0
-1618 64 0
-1618 238 0
-64 -238 1618 0
-205 1618 0
-1619 64 0
-1619 239 0
-64 -239 1619 0
-1620 65 0
-1620 243 0
-65 -243 1620 0
-206 1619 1620 0
-1621 64 0
-1621 240 0
-64 -240 1621 0
-1622 65 0
-1622 244 0
-65 -244 1622 0
-1623 66 0
-1623 247 0
-66 -247 1623 0
-207 1621 1622 1623 0
-1624 64 0
-1624 241 0
-64 -241 1624 0
-1625 65 0
-1625 245 0
-65 -245 1625 0
-1626 66 0
-1626 248 0
-66 -248 1626 0
-1627 67 0
-1627 250 0
-67 -250 1627 0
-208 1624 1625 1626 1627 0
-1628 64 0
-1628 242 0
-64 -242 1628 0
-1629 65 0
-1629 246 0
-65 -246 1629 0
-1630 66 0
-1630 249 0
-66 -249 1630 0
-1631 67 0
-1631 251 0
-67 -251 1631 0
-1632 68 0
-1632 252 0
-68 -252 1632 0
-209 1628 1629 1630 1631 1632 0
-1633 70 0
-1633 243 0
-70 -243 1633 0
-211 1633 0
-1634 70 0
-1634 244 0
-70 -244 1634 0
-1635 71 0
-1635 247 0
-71 -247 1635 0
-212 1634 1635 0
-1636 70 0
-1636 245 0
-70 -245 1636 0
-1637 71 0
-1637 248 0
-71 -248 1637 0
-1638 72 0
-1638 250 0
-72 -250 1638 0
-213 1636 1637 1638 0
-1639 70 0
-1639 246 0
-70 -246 1639 0
-1640 71 0
-1640 249 0
-71 -249 1640 0
-1641 72 0
-1641 251 0
-72 -251 1641 0
-1642 73 0
-1642 252 0
-73 -252 1642 0
-214 1639 1640 1641 1642 0
-1643 75 0
-1643 247 0
-75 -247 1643 0
-216 1643 0
-1644 75 0
-1644 248 0
-75 -248 1644 0
-1645 76 0
-1645 250 0
-76 -250 1645 0
-217 1644 1645 0
-1646 75 0
-1646 249 0
-75 -249 1646 0
-1647 76 0
-1647 251 0
-76 -251 1647 0
-1648 77 0
-1648 252 0
-77 -252 1648 0
-218 1646 1647 1648 0
-1649 79 0
-1649 250 0
-79 -250 1649 0
-220 1649 0
-1650 79 0
-1650 251 0
-79 -251 1650 0
-1651 80 0
-1651 252 0
-80 -252 1651 0
-221 1650 1651 0
-1652 82 0
-1652 252 0
-82 -252 1652 0
-223 1652 0
-1653 85 0
-1653 512 0
-85 -512 1653 0
-226 1653 0
-1654 85 0
-1654 513 0
-85 -513 1654 0
-1655 86 0
-1655 518 0
-86 -518 1655 0
-227 1654 1655 0
-1656 85 0
-1656 514 0
-85 -514 1656 0
-1657 86 0
-1657 519 0
-86 -519 1657 0
-1658 87 0
-1658 523 0
-87 -523 1658 0
-228 1656 1657 1658 0
-1659 85 0
-1659 515 0
-85 -515 1659 0
-1660 86 0
-1660 520 0
-86 -520 1660 0
-1661 87 0
-1661 524 0
-87 -524 1661 0
-1662 88 0
-1662 527 0
-88 -527 1662 0
-229 1659 1660 1661 1662 0
-1663 85 0
-1663 516 0
-85 -516 1663 0
-1664 86 0
-1664 521 0
-86 -521 1664 0
-1665 87 0
-1665 525 0
-87 -525 1665 0
-1666 88 0
-1666 528 0
-88 -528 1666 0
-1667 89 0
-1667 530 0
-89 -530 1667 0
-230 1663 1664 1665 1666 1667 0
-1668 85 0
-1668 517 0
-85 -517 1668 0
-1669 86 0
-1669 522 0
-86 -522 1669 0
-1670 87 0
-1670 526 0
-87 -526 1670 0
-1671 88 0
-1671 529 0
-88 -529 1671 0
-1672 89 0
-1672 531 0
-89 -531 1672 0
-1673 90 0
-1673 532 0
-90 -532 1673 0
-231 1668 1669 1670 1671 1672 1673 0
-1674 92 0
-1674 518 0
-92 -518 1674 0
-233 1674 0
-1675 92 0
-1675 519 0
-92 -519 1675 0
-1676 93 0
-1676 523 0
-93 -523 1676 0
-234 1675 1676 0
-1677 92 0
-1677 520 0
-92 -520 1677 0
-1678 93 0
-1678 524 0
-93 -524 1678 0
-1679 94 0
-1679 527 0
-94 -527 1679 0
-235 1677 1678 1679 0
-1680 92 0
-1680 521 0
-92 -521 1680 0
-1681 93 0
-1681 525 0
-93 -525 1681 0
-1682 94 0
-1682 528 0
-94 -528 1682 0
-1683 95 0
-1683 530 0
-95 -530 1683 0
-236 1680 1681 1682 1683 0
-1684 92 0
-1684 522 0
-92 -522 1684 0
-1685 93 0
-1685 526 0
-93 -526 1685 0
-1686 94 0
-1686 529 0
-94 -529 1686 0
-1687 95 0
-1687 531 0
-95 -531 1687 0
-1688 96 0
-1688 532 0
-96 -532 1688 0
-237 1684 1685 1686 1687 1688 0
-1689 98 0
-1689 523 0
-98 -523 1689 0
-239 1689 0
-1690 98 0
-1690 524 0
-98 -524 1690 0
-1691 99 0
-1691 527 0
-99 -527 1691 0
-240 1690 1691 0
-1692 98 0
-1692 525 0
-98 -525 1692 0
-1693 99 0
-1693 528 0
-99 -528 1693 0
-1694 100 0
-1694 530 0
-100 -530 1694 0
-241 1692 1693 1694 0
-1695 98 0
-1695 526 0
-98 -526 1695 0
-1696 99 0
-1696 529 0
-99 -529 1696 0
-1697 100 0
-1697 531 0
-100 -531 1697 0
-1698 101 0
-1698 532 0
-101 -532 1698 0
-242 1695 1696 1697 1698 0
-1699 103 0
-1699 527 0
-103 -527 1699 0
-244 1699 0
-1700 103 0
-1700 528 0
-103 -528 1700 0
-1701 104 0
-1701 530 0
-104 -530 1701 0
-245 1700 1701 0
-1702 103 0
-1702 529 0
-103 -529 1702 0
-1703 104 0
-1703 531 0
-104 -531 1703 0
-1704 105 0
-1704 532 0
-105 -532 1704 0
-246 1702 1703 1704 0
-1705 107 0
-1705 530 0
-107 -530 1705 0
-248 1705 0
-1706 107 0
-1706 531 0
-107 -531 1706 0
-1707 108 0
-1707 532 0
-108 -532 1707 0
-249 1706 1707 0
-1708 110 0
-1708 532 0
-110 -532 1708 0
-251 1708 0
-1709 1 0
-1709 92 0
-1 -92 1709 0
-254 1709 0
-1710 1 0
-1710 93 0
-1 -93 1710 0
-1711 2 0
-1711 98 0
-2 -98 1711 0
-255 1710 1711 0
-1712 1 0
-1712 94 0
-1 -94 1712 0
-1713 2 0
-1713 99 0
-2 -99 1713 0
-1714 3 0
-1714 103 0
-3 -103 1714 0
-256 1712 1713 1714 0
-1715 1 0
-1715 95 0
-1 -95 1715 0
-1716 2 0
-1716 100 0
-2 -100 1716 0
-1717 3 0
-1717 104 0
-3 -104 1717 0
-1718 4 0
-1718 107 0
-4 -107 1718 0
-257 1715 1716 1717 1718 0
-1719 1 0
-1719 96 0
-1 -96 1719 0
-1720 2 0
-1720 101 0
-2 -101 1720 0
-1721 3 0
-1721 105 0
-3 -105 1721 0
-1722 4 0
-1722 108 0
-4 -108 1722 0
-1723 5 0
-1723 110 0
-5 -110 1723 0
-258 1719 1720 1721 1722 1723 0
-1724 1 0
-1724 97 0
-1 -97 1724 0
-1725 2 0
-1725 102 0
-2 -102 1725 0
-1726 3 0
-1726 106 0
-3 -106 1726 0
-1727 4 0
-1727 109 0
-4 -109 1727 0
-1728 5 0
-1728 111 0
-5 -111 1728 0
-1729 6 0
-1729 112 0
-6 -112 1729 0
-259 1724 1725 1726 1727 1728 1729 0
-1730 8 0
-1730 98 0
-8 -98 1730 0
-261 1730 0
-1731 8 0
-1731 99 0
-8 -99 1731 0
-1732 9 0
-1732 103 0
-9 -103 1732 0
-262 1731 1732 0
-1733 8 0
-1733 100 0
-8 -100 1733 0
-1734 9 0
-1734 104 0
-9 -104 1734 0
-1735 10 0
-1735 107 0
-10 -107 1735 0
-263 1733 1734 1735 0
-1736 8 0
-1736 101 0
-8 -101 1736 0
-1737 9 0
-1737 105 0
-9 -105 1737 0
-1738 10 0
-1738 108 0
-10 -108 1738 0
-1739 11 0
-1739 110 0
-11 -110 1739 0
-264 1736 1737 1738 1739 0
-1740 8 0
-1740 102 0
-8 -102 1740 0
-1741 9 0
-1741 106 0
-9 -106 1741 0
-1742 10 0
-1742 109 0
-10 -109 1742 0
-1743 11 0
-1743 111 0
-11 -111 1743 0
-1744 12 0
-1744 112 0
-12 -112 1744 0
-265 1740 1741 1742 1743 1744 0
-1745 14 0
-1745 103 0
-14 -103 1745 0
-267 1745 0
-1746 14 0
-1746 104 0
-14 -104 1746 0
-1747 15 0
-1747 107 0
-15 -107 1747 0
-268 1746 1747 0
-1748 14 0
-1748 105 0
-14 -105 1748 0
-1749 15 0
-1749 108 0
-15 -108 1749 0
-1750 16 0
-1750 110 0
-16 -110 1750 0
-269 1748 1749 1750 0
-1751 14 0
-1751 106 0
-14 -106 1751 0
-1752 15 0
-1752 109 0
-15 -109 1752 0
-1753 16 0
-1753 111 0
-16 -111 1753 0
-1754 17 0
-1754 112 0
-17 -112 1754 0
-270 1751 1752 1753 1754 0
-1755 19 0
-1755 107 0
-19 -107 1755 0
-272 1755 0
-1756 19 0
-1756 108 0
-19 -108 1756 0
-1757 20 0
-1757 110 0
-20 -110 1757 0
-273 1756 1757 0
-1758 19 0
-1758 109 0
-19 -109 1758 0
-1759 20 0
-1759 111 0
-20 -111 1759 0
-1760 21 0
-1760 112 0
-21 -112 1760 0
-274 1758 1759 1760 0
-1761 23 0
-1761 110 0
-23 -110 1761 0
-276 1761 0
-1762 23 0
-1762 111 0
-23 -111 1762 0
-1763 24 0
-1763 112 0
-24 -112 1763 0
-277 1762 1763 0
-1764 26 0
-1764 112 0
-26 -112 1764 0
-279 1764 0
-1765 85 0
-1765 512 0
-85 -512 1765 0
-282 1765 0
-1766 85 0
-1766 513 0
-85 -513 1766 0
-1767 86 0
-1767 518 0
-86 -518 1767 0
-283 1766 1767 0
-1768 85 0
-1768 514 0
-85 -514 1768 0
-1769 86 0
-1769 519 0
-86 -519 1769 0
-1770 87 0
-1770 523 0
-87 -523 1770 0
-284 1768 1769 1770 0
-1771 85 0
-1771 515 0
-85 -515 1771 0
-1772 86 0
-1772 520 0
-86 -520 1772 0
-1773 87 0
-1773 524 0
-87 -524 1773 0
-1774 88 0
-1774 527 0
-88 -527 1774 0
-285 1771 1772 1773 1774 0
-1775 85 0
-1775 516 0
-85 -516 1775 0
-1776 86 0
-1776 521 0
-86 -521 1776 0
-1777 87 0
-1777 525 0
-87 -525 1777 0
-1778 88 0
-1778 528 0
-88 -528 1778 0
-1779 89 0
-1779 530 0
-89 -530 1779 0
-286 1775 1776 1777 1778 1779 0
-1780 85 0
-1780 517 0
-85 -517 1780 0
-1781 86 0
-1781 522 0
-86 -522 1781 0
-1782 87 0
-1782 526 0
-87 -526 1782 0
-1783 88 0
-1783 529 0
-88 -529 1783 0
-1784 89 0
-1784 531 0
-89 -531 1784 0
-1785 90 0
-1785 532 0
-90 -532 1785 0
-287 1780 1781 1782 1783 1784 1785 0
-1786 92 0
-1786 518 0
-92 -518 1786 0
-289 1786 0
-1787 92 0
-1787 519 0
-92 -519 1787 0
-1788 93 0
-1788 523 0
-93 -523 1788 0
-290 1787 1788 0
-1789 92 0
-1789 520 0
-92 -520 1789 0
-1790 93 0
-1790 524 0
-93 -524 1790 0
-1791 94 0
-1791 527 0
-94 -527 1791 0
-291 1789 1790 1791 0
-1792 92 0
-1792 521 0
-92 -521 1792 0
-1793 93 0
-1793 525 0
-93 -525 1793 0
-1794 94 0
-1794 528 0
-94 -528 1794 0
-1795 95 0
-1795 530 0
-95 -530 1795 0
-292 1792 1793 1794 1795 0
-1796 92 0
-1796 522 0
-92 -522 1796 0
-1797 93 0
-1797 526 0
-93 -526 1797 0
-1798 94 0
-1798 529 0
-94 -529 1798 0
-1799 95 0
-1799 531 0
-95 -531 1799 0
-1800 96 0
-1800 532 0
-96 -532 1800 0
-293 1796 1797 1798 1799 1800 0
-1801 98 0
-1801 523 0
-98 -523 1801 0
-295 1801 0
-1802 98 0
-1802 524 0
-98 -524 1802 0
-1803 99 0
-1803 527 0
-99 -527 1803 0
-296 1802 1803 0
-1804 98 0
-1804 525 0
-98 -525 1804 0
-1805 99 0
-1805 528 0
-99 -528 1805 0
-1806 100 0
-1806 530 0
-100 -530 1806 0
-297 1804 1805 1806 0
-1807 98 0
-1807 526 0
-98 -526 1807 0
-1808 99 0
-1808 529 0
-99 -529 1808 0
-1809 100 0
-1809 531 0
-100 -531 1809 0
-1810 101 0
-1810 532 0
-101 -532 1810 0
-298 1807 1808 1809 1810 0
-1811 103 0
-1811 527 0
-103 -527 1811 0
-300 1811 0
-1812 103 0
-1812 528 0
-103 -528 1812 0
-1813 104 0
-1813 530 0
-104 -530 1813 0
-301 1812 1813 0
-1814 103 0
-1814 529 0
-103 -529 1814 0
-1815 104 0
-1815 531 0
-104 -531 1815 0
-1816 105 0
-1816 532 0
-105 -532 1816 0
-302 1814 1815 1816 0
-1817 107 0
-1817 530 0
-107 -530 1817 0
-304 1817 0
-1818 107 0
-1818 531 0
-107 -531 1818 0
-1819 108 0
-1819 532 0
-108 -532 1819 0
-305 1818 1819 0
-1820 110 0
-1820 532 0
-110 -532 1820 0
-307 1820 0
-1821 1 0
-1821 344 0
-1 -344 1821 0
-310 1821 0
-1822 1 0
-1822 345 0
-1 -345 1822 0
-1823 2 0
-1823 350 0
-2 -350 1823 0
-311 1822 1823 0
-1824 1 0
-1824 346 0
-1 -346 1824 0
-1825 2 0
-1825 351 0
-2 -351 1825 0
-1826 3 0
-1826 355 0
-3 -355 1826 0
-312 1824 1825 1826 0
-1827 1 0
-1827 347 0
-1 -347 1827 0
-1828 2 0
-1828 352 0
-2 -352 1828 0
-1829 3 0
-1829 356 0
-3 -356 1829 0
-1830 4 0
-1830 359 0
-4 -359 1830 0
-313 1827 1828 1829 1830 0
-1831 1 0
-1831 348 0
-1 -348 1831 0
-1832 2 0
-1832 353 0
-2 -353 1832 0
-1833 3 0
-1833 357 0
-3 -357 1833 0
-1834 4 0
-1834 360 0
-4 -360 1834 0
-1835 5 0
-1835 362 0
-5 -362 1835 0
-314 1831 1832 1833 1834 1835 0
-1836 1 0
-1836 349 0
-1 -349 1836 0
-1837 2 0
-1837 354 0
-2 -354 1837 0
-1838 3 0
-1838 358 0
-3 -358 1838 0
-1839 4 0
-1839 361 0
-4 -361 1839 0
-1840 5 0
-1840 363 0
-5 -363 1840 0
-1841 6 0
-1841 364 0
-6 -364 1841 0
-315 1836 1837 1838 1839 1840 1841 0
-1842 8 0
-1842 350 0
-8 -350 1842 0
-317 1842 0
-1843 8 0
-1843 351 0
-8 -351 1843 0
-1844 9 0
-1844 355 0
-9 -355 1844 0
-318 1843 1844 0
-1845 8 0
-1845 352 0
-8 -352 1845 0
-1846 9 0
-1846 356 0
-9 -356 1846 0
-1847 10 0
-1847 359 0
-10 -359 1847 0
-319 1845 1846 1847 0
-1848 8 0
-1848 353 0
-8 -353 1848 0
-1849 9 0
-1849 357 0
-9 -357 1849 0
-1850 10 0
-1850 360 0
-10 -360 1850 0
-1851 11 0
-1851 362 0
-11 -362 1851 0
-320 1848 1849 1850 1851 0
-1852 8 0
-1852 354 0
-8 -354 1852 0
-1853 9 0
-1853 358 0
-9 -358 1853 0
-1854 10 0
-1854 361 0
-10 -361 1854 0
-1855 11 0
-1855 363 0
-11 -363 1855 0
-1856 12 0
-1856 364 0
-12 -364 1856 0
-321 1852 1853 1854 1855 1856 0
-1857 14 0
-1857 355 0
-14 -355 1857 0
-323 1857 0
-1858 14 0
-1858 356 0
-14 -356 1858 0
-1859 15 0
-1859 359 0
-15 -359 1859 0
-324 1858 1859 0
-1860 14 0
-1860 357 0
-14 -357 1860 0
-1861 15 0
-1861 360 0
-15 -360 1861 0
-1862 16 0
-1862 362 0
-16 -362 1862 0
-325 1860 1861 1862 0
-1863 14 0
-1863 358 0
-14 -358 1863 0
-1864 15 0
-1864 361 0
-15 -361 1864 0
-1865 16 0
-1865 363 0
-16 -363 1865 0
-1866 17 0
-1866 364 0
-17 -364 1866 0
-326 1863 1864 1865 1866 0
-1867 19 0
-1867 359 0
-19 -359 1867 0
-328 1867 0
-1868 19 0
-1868 360 0
-19 -360 1868 0
-1869 20 0
-1869 362 0
-20 -362 1869 0
-329 1868 1869 0
-1870 19 0
-1870 361 0
-19 -361 1870 0
-1871 20 0
-1871 363 0
-20 -363 1871 0
-1872 21 0
-1872 364 0
-21 -364 1872 0
-330 1870 1871 1872 0
-1873 23 0
-1873 362 0
-23 -362 1873 0
-332 1873 0
-1874 23 0
-1874 363 0
-23 -363 1874 0
-1875 24 0
-1875 364 0
-24 -364 1875 0
-333 1874 1875 0
-1876 26 0
-1876 364 0
-26 -364 1876 0
-335 1876 0
-1877 57 0
-1877 92 0
-57 -92 1877 0
-338 1877 0
-1878 57 0
-1878 93 0
-57 -93 1878 0
-1879 58 0
-1879 98 0
-58 -98 1879 0
-339 1878 1879 0
-1880 57 0
-1880 94 0
-57 -94 1880 0
-1881 58 0
-1881 99 0
-58 -99 1881 0
-1882 59 0
-1882 103 0
-59 -103 1882 0
-340 1880 1881 1882 0
-1883 57 0
-1883 95 0
-57 -95 1883 0
-1884 58 0
-1884 100 0
-58 -100 1884 0
-1885 59 0
-1885 104 0
-59 -104 1885 0
-1886 60 0
-1886 107 0
-60 -107 1886 0
-341 1883 1884 1885 1886 0
-1887 57 0
-1887 96 0
-57 -96 1887 0
-1888 58 0
-1888 101 0
-58 -101 1888 0
-1889 59 0
-1889 105 0
-59 -105 1889 0
-1890 60 0
-1890 108 0
-60 -108 1890 0
-1891 61 0
-1891 110 0
-61 -110 1891 0
-342 1887 1888 1889 1890 1891 0
-1892 57 0
-1892 97 0
-57 -97 1892 0
-1893 58 0
-1893 102 0
-58 -102 1893 0
-1894 59 0
-1894 106 0
-59 -106 1894 0
-1895 60 0
-1895 109 0
-60 -109 1895 0
-1896 61 0
-1896 111 0
-61 -111 1896 0
-1897 62 0
-1897 112 0
-62 -112 1897 0
-343 1892 1893 1894 1895 1896 1897 0
-1898 64 0
-1898 98 0
-64 -98 1898 0
-345 1898 0
-1899 64 0
-1899 99 0
-64 -99 1899 0
-1900 65 0
-1900 103 0
-65 -103 1900 0
-346 1899 1900 0
-1901 64 0
-1901 100 0
-64 -100 1901 0
-1902 65 0
-1902 104 0
-65 -104 1902 0
-1903 66 0
-1903 107 0
-66 -107 1903 0
-347 1901 1902 1903 0
-1904 64 0
-1904 101 0
-64 -101 1904 0
-1905 65 0
-1905 105 0
-65 -105 1905 0
-1906 66 0
-1906 108 0
-66 -108 1906 0
-1907 67 0
-1907 110 0
-67 -110 1907 0
-348 1904 1905 1906 1907 0
-1908 64 0
-1908 102 0
-64 -102 1908 0
-1909 65 0
-1909 106 0
-65 -106 1909 0
-1910 66 0
-1910 109 0
-66 -109 1910 0
-1911 67 0
-1911 111 0
-67 -111 1911 0
-1912 68 0
-1912 112 0
-68 -112 1912 0
-349 1908 1909 1910 1911 1912 0
-1913 70 0
-1913 103 0
-70 -103 1913 0
-351 1913 0
-1914 70 0
-1914 104 0
-70 -104 1914 0
-1915 71 0
-1915 107 0
-71 -107 1915 0
-352 1914 1915 0
-1916 70 0
-1916 105 0
-70 -105 1916 0
-1917 71 0
-1917 108 0
-71 -108 1917 0
-1918 72 0
-1918 110 0
-72 -110 1918 0
-353 1916 1917 1918 0
-1919 70 0
-1919 106 0
-70 -106 1919 0
-1920 71 0
-1920 109 0
-71 -109 1920 0
-1921 72 0
-1921 111 0
-72 -111 1921 0
-1922 73 0
-1922 112 0
-73 -112 1922 0
-354 1919 1920 1921 1922 0
-1923 75 0
-1923 107 0
-75 -107 1923 0
-356 1923 0
-1924 75 0
-1924 108 0
-75 -108 1924 0
-1925 76 0
-1925 110 0
-76 -110 1925 0
-357 1924 1925 0
-1926 75 0
-1926 109 0
-75 -109 1926 0
-1927 76 0
-1927 111 0
-76 -111 1927 0
-1928 77 0
-1928 112 0
-77 -112 1928 0
-358 1926 1927 1928 0
-1929 79 0
-1929 110 0
-79 -110 1929 0
-360 1929 0
-1930 79 0
-1930 111 0
-79 -111 1930 0
-1931 80 0
-1931 112 0
-80 -112 1931 0
-361 1930 1931 0
-1932 82 0
-1932 112 0
-82 -112 1932 0
-363 1932 0
-1933 57 0
-1933 512 0
-57 -512 1933 0
-366 1933 0
-1934 57 0
-1934 513 0
-57 -513 1934 0
-1935 58 0
-1935 518 0
-58 -518 1935 0
-367 1934 1935 0
-1936 57 0
-1936 514 0
-57 -514 1936 0
-1937 58 0
-1937 519 0
-58 -519 1937 0
-1938 59 0
-1938 523 0
-59 -523 1938 0
-368 1936 1937 1938 0
-1939 57 0
-1939 515 0
-57 -515 1939 0
-1940 58 0
-1940 520 0
-58 -520 1940 0
-1941 59 0
-1941 524 0
-59 -524 1941 0
-1942 60 0
-1942 527 0
-60 -527 1942 0
-369 1939 1940 1941 1942 0
-1943 57 0
-1943 516 0
-57 -516 1943 0
-1944 58 0
-1944 521 0
-58 -521 1944 0
-1945 59 0
-1945 525 0
-59 -525 1945 0
-1946 60 0
-1946 528 0
-60 -528 1946 0
-1947 61 0
-1947 530 0
-61 -530 1947 0
-370 1943 1944 1945 1946 1947 0
-1948 57 0
-1948 517 0
-57 -517 1948 0
-1949 58 0
-1949 522 0
-58 -522 1949 0
-1950 59 0
-1950 526 0
-59 -526 1950 0
-1951 60 0
-1951 529 0
-60 -529 1951 0
-1952 61 0
-1952 531 0
-61 -531 1952 0
-1953 62 0
-1953 532 0
-62 -532 1953 0
-371 1948 1949 1950 1951 1952 1953 0
-1954 64 0
-1954 518 0
-64 -518 1954 0
-373 1954 0
-1955 64 0
-1955 519 0
-64 -519 1955 0
-1956 65 0
-1956 523 0
-65 -523 1956 0
-374 1955 1956 0
-1957 64 0
-1957 520 0
-64 -520 1957 0
-1958 65 0
-1958 524 0
-65 -524 1958 0
-1959 66 0
-1959 527 0
-66 -527 1959 0
-375 1957 1958 1959 0
-1960 64 0
-1960 521 0
-64 -521 1960 0
-1961 65 0
-1961 525 0
-65 -525 1961 0
-1962 66 0
-1962 528 0
-66 -528 1962 0
-1963 67 0
-1963 530 0
-67 -530 1963 0
-376 1960 1961 1962 1963 0
-1964 64 0
-1964 522 0
-64 -522 1964 0
-1965 65 0
-1965 526 0
-65 -526 1965 0
-1966 66 0
-1966 529 0
-66 -529 1966 0
-1967 67 0
-1967 531 0
-67 -531 1967 0
-1968 68 0
-1968 532 0
-68 -532 1968 0
-377 1964 1965 1966 1967 1968 0
-1969 70 0
-1969 523 0
-70 -523 1969 0
-379 1969 0
-1970 70 0
-1970 524 0
-70 -524 1970 0
-1971 71 0
-1971 527 0
-71 -527 1971 0
-380 1970 1971 0
-1972 70 0
-1972 525 0
-70 -525 1972 0
-1973 71 0
-1973 528 0
-71 -528 1973 0
-1974 72 0
-1974 530 0
-72 -530 1974 0
-381 1972 1973 1974 0
-1975 70 0
-1975 526 0
-70 -526 1975 0
-1976 71 0
-1976 529 0
-71 -529 1976 0
-1977 72 0
-1977 531 0
-72 -531 1977 0
-1978 73 0
-1978 532 0
-73 -532 1978 0
-382 1975 1976 1977 1978 0
-1979 75 0
-1979 527 0
-75 -527 1979 0
-384 1979 0
-1980 75 0
-1980 528 0
-75 -528 1980 0
-1981 76 0
-1981 530 0
-76 -530 1981 0
-385 1980 1981 0
-1982 75 0
-1982 529 0
-75 -529 1982 0
-1983 76 0
-1983 531 0
-76 -531 1983 0
-1984 77 0
-1984 532 0
-77 -532 1984 0
-386 1982 1983 1984 0
-1985 79 0
-1985 530 0
-79 -530 1985 0
-388 1985 0
-1986 79 0
-1986 531 0
-79 -531 1986 0
-1987 80 0
-1987 532 0
-80 -532 1987 0
-389 1986 1987 0
-1988 82 0
-1988 532 0
-82 -532 1988 0
-391 1988 0
-1989 1 0
-1989 64 0
-1 -64 1989 0
-394 1989 0
-1990 1 0
-1990 65 0
-1 -65 1990 0
-1991 2 0
-1991 70 0
-2 -70 1991 0
-395 1990 1991 0
-1992 1 0
-1992 66 0
-1 -66 1992 0
-1993 2 0
-1993 71 0
-2 -71 1993 0
-1994 3 0
-1994 75 0
-3 -75 1994 0
-396 1992 1993 1994 0
-1995 1 0
-1995 67 0
-1 -67 1995 0
-1996 2 0
-1996 72 0
-2 -72 1996 0
-1997 3 0
-1997 76 0
-3 -76 1997 0
-1998 4 0
-1998 79 0
-4 -79 1998 0
-397 1995 1996 1997 1998 0
-1999 1 0
-1999 68 0
-1 -68 1999 0
-2000 2 0
-2000 73 0
-2 -73 2000 0
-2001 3 0
-2001 77 0
-3 -77 2001 0
-2002 4 0
-2002 80 0
-4 -80 2002 0
-2003 5 0
-2003 82 0
-5 -82 2003 0
-398 1999 2000 2001 2002 2003 0
-2004 1 0
-2004 69 0
-1 -69 2004 0
-2005 2 0
-2005 74 0
-2 -74 2005 0
-2006 3 0
-2006 78 0
-3 -78 2006 0
-2007 4 0
-2007 81 0
-4 -81 2007 0
-2008 5 0
-2008 83 0
-5 -83 2008 0
-2009 6 0
-2009 84 0
-6 -84 2009 0
-399 2004 2005 2006 2007 2008 2009 0
-2010 8 0
-2010 70 0
-8 -70 2010 0
-401 2010 0
-2011 8 0
-2011 71 0
-8 -71 2011 0
-2012 9 0
-2012 75 0
-9 -75 2012 0
-402 2011 2012 0
-2013 8 0
-2013 72 0
-8 -72 2013 0
-2014 9 0
-2014 76 0
-9 -76 2014 0
-2015 10 0
-2015 79 0
-10 -79 2015 0
-403 2013 2014 2015 0
-2016 8 0
-2016 73 0
-8 -73 2016 0
-2017 9 0
-2017 77 0
-9 -77 2017 0
-2018 10 0
-2018 80 0
-10 -80 2018 0
-2019 11 0
-2019 82 0
-11 -82 2019 0
-404 2016 2017 2018 2019 0
-2020 8 0
-2020 74 0
-8 -74 2020 0
-2021 9 0
-2021 78 0
-9 -78 2021 0
-2022 10 0
-2022 81 0
-10 -81 2022 0
-2023 11 0
-2023 83 0
-11 -83 2023 0
-2024 12 0
-2024 84 0
-12 -84 2024 0
-405 2020 2021 2022 2023 2024 0
-2025 14 0
-2025 75 0
-14 -75 2025 0
-407 2025 0
-2026 14 0
-2026 76 0
-14 -76 2026 0
-2027 15 0
-2027 79 0
-15 -79 2027 0
-408 2026 2027 0
-2028 14 0
-2028 77 0
-14 -77 2028 0
-2029 15 0
-2029 80 0
-15 -80 2029 0
-2030 16 0
-2030 82 0
-16 -82 2030 0
-409 2028 2029 2030 0
-2031 14 0
-2031 78 0
-14 -78 2031 0
-2032 15 0
-2032 81 0
-15 -81 2032 0
-2033 16 0
-2033 83 0
-16 -83 2033 0
-2034 17 0
-2034 84 0
-17 -84 2034 0
-410 2031 2032 2033 2034 0
-2035 19 0
-2035 79 0
-19 -79 2035 0
-412 2035 0
-2036 19 0
-2036 80 0
-19 -80 2036 0
-2037 20 0
-2037 82 0
-20 -82 2037 0
-413 2036 2037 0
-2038 19 0
-2038 81 0
-19 -81 2038 0
-2039 20 0
-2039 83 0
-20 -83 2039 0
-2040 21 0
-2040 84 0
-21 -84 2040 0
-414 2038 2039 2040 0
-2041 23 0
-2041 82 0
-23 -82 2041 0
-416 2041 0
-2042 23 0
-2042 83 0
-23 -83 2042 0
-2043 24 0
-2043 84 0
-24 -84 2043 0
-417 2042 2043 0
-2044 26 0
-2044 84 0
-26 -84 2044 0
-419 2044 0
