c grammar=grammars.txt word=c c a a a d d c b c b
p cnf 1276 3037
-1 0
-12 0
-22 0
-31 0
-39 0
46 0
52 0
-57 0
-61 0
-64 0
-66 0
-67 0
-78 0
-88 0
-97 0
-105 0
-112 0
-118 0
-123 0
-127 0
-130 0
-132 0
-133 0
143 0
-144 0
154 0
163 0
171 0
178 0
184 0
-189 0
-193 0
-196 0
-198 0
-199 0
-210 0
-220 0
-229 0
-237 0
-244 0
-250 0
-255 0
-259 0
-262 0
-264 0
-265 0
-266 0
-267 0
-268 0
-269 0
-270 0
-271 0
-272 0
-273 0
-274 0
-275 0
-276 0
-277 0
-278 0
-279 0
-280 0
-281 0
-282 0
-283 0
-284 0
-285 0
-286 0
-287 0
-288 0
-289 0
-290 0
-291 0
-292 0
-293 0
-294 0
-295 0
-296 0
-297 0
-298 0
-299 0
-300 0
-301 0
-302 0
-303 0
-304 0
-305 0
-306 0
-307 0
-308 0
-309 0
-310 0
-311 0
-312 0
-313 0
-314 0
-315 0
-316 0
-317 0
-318 0
-319 0
-320 0
-321 0
-322 0
-323 0
-324 0
325 0
-326 0
-327 0
-328 0
-329 0
330 0
331 0
-332 0
-333 0
-334 0
-335 0
-336 0
-337 0
-338 0
-339 0
-340 0
-341 0
342 0
-343 0
-344 0
-345 0
-346 0
-347 0
-348 0
-349 0
-350 0
-351 0
-352 0
-353 0
-354 0
-355 0
-356 0
-357 0
-358 0
-359 0
-360 0
-361 0
-362 0
-363 0
-364 0
-365 0
-366 0
-367 0
-368 0
-369 0
-370 0
-371 0
-372 0
-373 0
-374 0
-375 0
-376 0
-377 0
-378 0
-379 0
-380 0
-381 0
-382 0
-383 0
-384 0
-385 0
-386 0
387 0
-388 0
-389 0
-390 0
-391 0
-392 0
-393 0
394 0
-395 0
-396 0
-397 265 0
-397 210 0
-265 -210 397 0
-134 397 0
-398 265 0
-398 211 0
-265 -211 398 0
-399 266 0
-399 220 0
-266 -220 399 0
-135 398 399 0
-400 265 0
-400 212 0
-265 -212 400 0
-401 266 0
-401 221 0
-266 -221 401 0
-402 267 0
-402 229 0
-267 -229 402 0
-136 400 401 402 0
-403 265 0
-403 213 0
-265 -213 403 0
-404 266 0
-404 222 0
-266 -222 404 0
-405 267 0
-405 230 0
-267 -230 405 0
-406 268 0
-406 237 0
-268 -237 406 0
-137 403 404 405 406 0
-407 265 0
-407 214 0
-265 -214 407 0
-408 266 0
-408 223 0
-266 -223 408 0
-409 267 0
-409 231 0
-267 -231 409 0
-410 268 0
-410 238 0
-268 -238 410 0
-411 269 0
-411 244 0
-269 -244 411 0
-138 407 408 409 410 411 0
-412 265 0
-412 215 0
-265 -215 412 0
-413 266 0
-413 224 0
-266 -224 413 0
-414 267 0
-414 232 0
-267 -232 414 0
-415 268 0
-415 239 0
-268 -239 415 0
-416 269 0
-416 245 0
-269 -245 416 0
-417 270 0
-417 250 0
-270 -250 417 0
-139 412 413 414 415 416 417 0
-418 265 0
-418 216 0
-265 -216 418 0
-419 266 0
-419 225 0
-266 -225 419 0
-420 267 0
-420 233 0
-267 -233 420 0
-421 268 0
-421 240 0
-268 -240 421 0
-422 269 0
-422 246 0
-269 -246 422 0
-423 270 0
-423 251 0
-270 -251 423 0
-424 271 0
-424 255 0
-271 -255 424 0
-140 418 419 420 421 422 423 424 0
-425 265 0
-425 217 0
-265 -217 425 0
-426 266 0
-426 226 0
-266 -226 426 0
-427 267 0
-427 234 0
-267 -234 427 0
-428 268 0
-428 241 0
-268 -241 428 0
-429 269 0
-429 247 0
-269 -247 429 0
-430 270 0
-430 252 0
-270 -252 430 0
-431 271 0
-431 256 0
-271 -256 431 0
-432 272 0
-432 259 0
-272 -259 432 0
-141 425 426 427 428 429 430 431 432 0
-433 265 0
-433 218 0
-265 -218 433 0
-434 266 0
-434 227 0
-266 -227 434 0
-435 267 0
-435 235 0
-267 -235 435 0
-436 268 0
-436 242 0
-268 -242 436 0
-437 269 0
-437 248 0
-269 -248 437 0
-438 270 0
-438 253 0
-270 -253 438 0
-439 271 0
-439 257 0
-271 -257 439 0
-440 272 0
-440 260 0
-272 -260 440 0
-441 273 0
-441 262 0
-273 -262 441 0
-142 433 434 435 436 437 438 439 440 441 0
-442 265 0
-442 219 0
-265 -219 442 0
-443 266 0
-443 228 0
-266 -228 443 0
-444 267 0
-444 236 0
-267 -236 444 0
-445 268 0
-445 243 0
-268 -243 445 0
-446 269 0
-446 249 0
-269 -249 446 0
-447 270 0
-447 254 0
-270 -254 447 0
-448 271 0
-448 258 0
-271 -258 448 0
-449 272 0
-449 261 0
-272 -261 449 0
-450 273 0
-450 263 0
-273 -263 450 0
-451 274 0
-451 264 0
-274 -264 451 0
-143 442 443 444 445 446 447 448 449 450 451 0
-452 276 0
-452 220 0
-276 -220 452 0
-145 452 0
-453 276 0
-453 221 0
-276 -221 453 0
-454 277 0
-454 229 0
-277 -229 454 0
-146 453 454 0
-455 276 0
-455 222 0
-276 -222 455 0
-456 277 0
-456 230 0
-277 -230 456 0
-457 278 0
-457 237 0
-278 -237 457 0
-147 455 456 457 0
-458 276 0
-458 223 0
-276 -223 458 0
-459 277 0
-459 231 0
-277 -231 459 0
-460 278 0
-460 238 0
-278 -238 460 0
-461 279 0
-461 244 0
-279 -244 461 0
-148 458 459 460 461 0
-462 276 0
-462 224 0
-276 -224 462 0
-463 277 0
-463 232 0
-277 -232 463 0
-464 278 0
-464 239 0
-278 -239 464 0
-465 279 0
-465 245 0
-279 -245 465 0
-466 280 0
-466 250 0
-280 -250 466 0
-149 462 463 464 465 466 0
-467 276 0
-467 225 0
-276 -225 467 0
-468 277 0
-468 233 0
-277 -233 468 0
-469 278 0
-469 240 0
-278 -240 469 0
-470 279 0
-470 246 0
-279 -246 470 0
-471 280 0
-471 251 0
-280 -251 471 0
-472 281 0
-472 255 0
-281 -255 472 0
-150 467 468 469 470 471 472 0
-473 276 0
-473 226 0
-276 -226 473 0
-474 277 0
-474 234 0
-277 -234 474 0
-475 278 0
-475 241 0
-278 -241 475 0
-476 279 0
-476 247 0
-279 -247 476 0
-477 280 0
-477 252 0
-280 -252 477 0
-478 281 0
-478 256 0
-281 -256 478 0
-479 282 0
-479 259 0
-282 -259 479 0
-151 473 474 475 476 477 478 479 0
-480 276 0
-480 227 0
-276 -227 480 0
-481 277 0
-481 235 0
-277 -235 481 0
-482 278 0
-482 242 0
-278 -242 482 0
-483 279 0
-483 248 0
-279 -248 483 0
-484 280 0
-484 253 0
-280 -253 484 0
-485 281 0
-485 257 0
-281 -257 485 0
-486 282 0
-486 260 0
-282 -260 486 0
-487 283 0
-487 262 0
-283 -262 487 0
-152 480 481 482 483 484 485 486 487 0
-488 276 0
-488 228 0
-276 -228 488 0
-489 277 0
-489 236 0
-277 -236 489 0
-490 278 0
-490 243 0
-278 -243 490 0
-491 279 0
-491 249 0
-279 -249 491 0
-492 280 0
-492 254 0
-280 -254 492 0
-493 281 0
-493 258 0
-281 -258 493 0
-494 282 0
-494 261 0
-282 -261 494 0
-495 283 0
-495 263 0
-283 -263 495 0
-496 284 0
-496 264 0
-284 -264 496 0
-153 488 489 490 491 492 493 494 495 496 0
-497 286 0
-497 229 0
-286 -229 497 0
-155 497 0
-498 286 0
-498 230 0
-286 -230 498 0
-499 287 0
-499 237 0
-287 -237 499 0
-156 498 499 0
-500 286 0
-500 231 0
-286 -231 500 0
-501 287 0
-501 238 0
-287 -238 501 0
-502 288 0
-502 244 0
-288 -244 502 0
-157 500 501 502 0
-503 286 0
-503 232 0
-286 -232 503 0
-504 287 0
-504 239 0
-287 -239 504 0
-505 288 0
-505 245 0
-288 -245 505 0
-506 289 0
-506 250 0
-289 -250 506 0
-158 503 504 505 506 0
-507 286 0
-507 233 0
-286 -233 507 0
-508 287 0
-508 240 0
-287 -240 508 0
-509 288 0
-509 246 0
-288 -246 509 0
-510 289 0
-510 251 0
-289 -251 510 0
-511 290 0
-511 255 0
-290 -255 511 0
-159 507 508 509 510 511 0
-512 286 0
-512 234 0
-286 -234 512 0
-513 287 0
-513 241 0
-287 -241 513 0
-514 288 0
-514 247 0
-288 -247 514 0
-515 289 0
-515 252 0
-289 -252 515 0
-516 290 0
-516 256 0
-290 -256 516 0
-517 291 0
-517 259 0
-291 -259 517 0
-160 512 513 514 515 516 517 0
-518 286 0
-518 235 0
-286 -235 518 0
-519 287 0
-519 242 0
-287 -242 519 0
-520 288 0
-520 248 0
-288 -248 520 0
-521 289 0
-521 253 0
-289 -253 521 0
-522 290 0
-522 257 0
-290 -257 522 0
-523 291 0
-523 260 0
-291 -260 523 0
-524 292 0
-524 262 0
-292 -262 524 0
-161 518 519 520 521 522 523 524 0
-525 286 0
-525 236 0
-286 -236 525 0
-526 287 0
-526 243 0
-287 -243 526 0
-527 288 0
-527 249 0
-288 -249 527 0
-528 289 0
-528 254 0
-289 -254 528 0
-529 290 0
-529 258 0
-290 -258 529 0
-530 291 0
-530 261 0
-291 -261 530 0
-531 292 0
-531 263 0
-292 -263 531 0
-532 293 0
-532 264 0
-293 -264 532 0
-162 525 526 527 528 529 530 531 532 0
-533 295 0
-533 237 0
-295 -237 533 0
-164 533 0
-534 295 0
-534 238 0
-295 -238 534 0
-535 296 0
-535 244 0
-296 -244 535 0
-165 534 535 0
-536 295 0
-536 239 0
-295 -239 536 0
-537 296 0
-537 245 0
-296 -245 537 0
-538 297 0
-538 250 0
-297 -250 538 0
-166 536 537 538 0
-539 295 0
-539 240 0
-295 -240 539 0
-540 296 0
-540 246 0
-296 -246 540 0
-541 297 0
-541 251 0
-297 -251 541 0
-542 298 0
-542 255 0
-298 -255 542 0
-167 539 540 541 542 0
-543 295 0
-543 241 0
-295 -241 543 0
-544 296 0
-544 247 0
-296 -247 544 0
-545 297 0
-545 252 0
-297 -252 545 0
-546 298 0
-546 256 0
-298 -256 546 0
-547 299 0
-547 259 0
-299 -259 547 0
-168 543 544 545 546 547 0
-548 295 0
-548 242 0
-295 -242 548 0
-549 296 0
-549 248 0
-296 -248 549 0
-550 297 0
-550 253 0
-297 -253 550 0
-551 298 0
-551 257 0
-298 -257 551 0
-552 299 0
-552 260 0
-299 -260 552 0
-553 300 0
-553 262 0
-300 -262 553 0
-169 548 549 550 551 552 553 0
-554 295 0
-554 243 0
-295 -243 554 0
-555 296 0
-555 249 0
-296 -249 555 0
-556 297 0
-556 254 0
-297 -254 556 0
-557 298 0
-557 258 0
-298 -258 557 0
-558 299 0
-558 261 0
-299 -261 558 0
-559 300 0
-559 263 0
-300 -263 559 0
-560 301 0
-560 264 0
-301 -264 560 0
-170 554 555 556 557 558 559 560 0
-561 303 0
-561 244 0
-303 -244 561 0
-172 561 0
-562 303 0
-562 245 0
-303 -245 562 0
-563 304 0
-563 250 0
-304 -250 563 0
-173 562 563 0
-564 303 0
-564 246 0
-303 -246 564 0
-565 304 0
-565 251 0
-304 -251 565 0
-566 305 0
-566 255 0
-305 -255 566 0
-174 564 565 566 0
-567 303 0
-567 247 0
-303 -247 567 0
-568 304 0
-568 252 0
-304 -252 568 0
-569 305 0
-569 256 0
-305 -256 569 0
-570 306 0
-570 259 0
-306 -259 570 0
-175 567 568 569 570 0
-571 303 0
-571 248 0
-303 -248 571 0
-572 304 0
-572 253 0
-304 -253 572 0
-573 305 0
-573 257 0
-305 -257 573 0
-574 306 0
-574 260 0
-306 -260 574 0
-575 307 0
-575 262 0
-307 -262 575 0
-176 571 572 573 574 575 0
-576 303 0
-576 249 0
-303 -249 576 0
-577 304 0
-577 254 0
-304 -254 577 0
-578 305 0
-578 258 0
-305 -258 578 0
-579 306 0
-579 261 0
-306 -261 579 0
-580 307 0
-580 263 0
-307 -263 580 0
-581 308 0
-581 264 0
-308 -264 581 0
-177 576 577 578 579 580 581 0
-582 310 0
-582 250 0
-310 -250 582 0
-179 582 0
-583 310 0
-583 251 0
-310 -251 583 0
-584 311 0
-584 255 0
-311 -255 584 0
-180 583 584 0
-585 310 0
-585 252 0
-310 -252 585 0
-586 311 0
-586 256 0
-311 -256 586 0
-587 312 0
-587 259 0
-312 -259 587 0
-181 585 586 587 0
-588 310 0
-588 253 0
-310 -253 588 0
-589 311 0
-589 257 0
-311 -257 589 0
-590 312 0
-590 260 0
-312 -260 590 0
-591 313 0
-591 262 0
-313 -262 591 0
-182 588 589 590 591 0
-592 310 0
-592 254 0
-310 -254 592 0
-593 311 0
-593 258 0
-311 -258 593 0
-594 312 0
-594 261 0
-312 -261 594 0
-595 313 0
-595 263 0
-313 -263 595 0
-596 314 0
-596 264 0
-314 -264 596 0
-183 592 593 594 595 596 0
-597 316 0
-597 255 0
-316 -255 597 0
-185 597 0
-598 316 0
-598 256 0
-316 -256 598 0
-599 317 0
-599 259 0
-317 -259 599 0
-186 598 599 0
-600 316 0
-600 257 0
-316 -257 600 0
-601 317 0
-601 260 0
-317 -260 601 0
-602 318 0
-602 262 0
-318 -262 602 0
-187 600 601 602 0
-603 316 0
-603 258 0
-316 -258 603 0
-604 317 0
-604 261 0
-317 -261 604 0
-605 318 0
-605 263 0
-318 -263 605 0
-606 319 0
-606 264 0
-319 -264 606 0
-188 603 604 605 606 0
-607 321 0
-607 259 0
-321 -259 607 0
-190 607 0
-608 321 0
-608 260 0
-321 -260 608 0
-609 322 0
-609 262 0
-322 -262 609 0
-191 608 609 0
-610 321 0
-610 261 0
-321 -261 610 0
-611 322 0
-611 263 0
-322 -263 611 0
-612 323 0
-612 264 0
-323 -264 612 0
-192 610 611 612 0
-613 325 0
-613 262 0
-325 -262 613 0
-194 613 0
-614 325 0
-614 263 0
-325 -263 614 0
-615 326 0
-615 264 0
-326 -264 615 0
-195 614 615 0
-616 328 0
-616 264 0
-328 -264 616 0
-197 616 0
-617 265 0
-617 78 0
-265 -78 617 0
-2 617 0
-618 265 0
-618 79 0
-265 -79 618 0
-619 266 0
-619 88 0
-266 -88 619 0
-3 618 619 0
-620 265 0
-620 80 0
-265 -80 620 0
-621 266 0
-621 89 0
-266 -89 621 0
-622 267 0
-622 97 0
-267 -97 622 0
-4 620 621 622 0
-623 265 0
-623 81 0
-265 -81 623 0
-624 266 0
-624 90 0
-266 -90 624 0
-625 267 0
-625 98 0
-267 -98 625 0
-626 268 0
-626 105 0
-268 -105 626 0
-5 623 624 625 626 0
-627 265 0
-627 82 0
-265 -82 627 0
-628 266 0
-628 91 0
-266 -91 628 0
-629 267 0
-629 99 0
-267 -99 629 0
-630 268 0
-630 106 0
-268 -106 630 0
-631 269 0
-631 112 0
-269 -112 631 0
-6 627 628 629 630 631 0
-632 265 0
-632 83 0
-265 -83 632 0
-633 266 0
-633 92 0
-266 -92 633 0
-634 267 0
-634 100 0
-267 -100 634 0
-635 268 0
-635 107 0
-268 -107 635 0
-636 269 0
-636 113 0
-269 -113 636 0
-637 270 0
-637 118 0
-270 -118 637 0
-7 632 633 634 635 636 637 0
-638 265 0
-638 84 0
-265 -84 638 0
-639 266 0
-639 93 0
-266 -93 639 0
-640 267 0
-640 101 0
-267 -101 640 0
-641 268 0
-641 108 0
-268 -108 641 0
-642 269 0
-642 114 0
-269 -114 642 0
-643 270 0
-643 119 0
-270 -119 643 0
-644 271 0
-644 123 0
-271 -123 644 0
-8 638 639 640 641 642 643 644 0
-645 265 0
-645 85 0
-265 -85 645 0
-646 266 0
-646 94 0
-266 -94 646 0
-647 267 0
-647 102 0
-267 -102 647 0
-648 268 0
-648 109 0
-268 -109 648 0
-649 269 0
-649 115 0
-269 -115 649 0
-650 270 0
-650 120 0
-270 -120 650 0
-651 271 0
-651 124 0
-271 -124 651 0
-652 272 0
-652 127 0
-272 -127 652 0
-9 645 646 647 648 649 650 651 652 0
-653 265 0
-653 86 0
-265 -86 653 0
-654 266 0
-654 95 0
-266 -95 654 0
-655 267 0
-655 103 0
-267 -103 655 0
-656 268 0
-656 110 0
-268 -110 656 0
-657 269 0
-657 116 0
-269 -116 657 0
-658 270 0
-658 121 0
-270 -121 658 0
-659 271 0
-659 125 0
-271 -125 659 0
-660 272 0
-660 128 0
-272 -128 660 0
-661 273 0
-661 130 0
-273 -130 661 0
-10 653 654 655 656 657 658 659 660 661 0
-662 265 0
-662 87 0
-265 -87 662 0
-663 266 0
-663 96 0
-266 -96 663 0
-664 267 0
-664 104 0
-267 -104 664 0
-665 268 0
-665 111 0
-268 -111 665 0
-666 269 0
-666 117 0
-269 -117 666 0
-667 270 0
-667 122 0
-270 -122 667 0
-668 271 0
-668 126 0
-271 -126 668 0
-669 272 0
-669 129 0
-272 -129 669 0
-670 273 0
-670 131 0
-273 -131 670 0
-671 274 0
-671 132 0
-274 -132 671 0
-11 662 663 664 665 666 667 668 669 670 671 0
-672 276 0
-672 88 0
-276 -88 672 0
-13 672 0
-673 276 0
-673 89 0
-276 -89 673 0
-674 277 0
-674 97 0
-277 -97 674 0
-14 673 674 0
-675 276 0
-675 90 0
-276 -90 675 0
-676 277 0
-676 98 0
-277 -98 676 0
-677 278 0
-677 105 0
-278 -105 677 0
-15 675 676 677 0
-678 276 0
-678 91 0
-276 -91 678 0
-679 277 0
-679 99 0
-277 -99 679 0
-680 278 0
-680 106 0
-278 -106 680 0
-681 279 0
-681 112 0
-279 -112 681 0
-16 678 679 680 681 0
-682 276 0
-682 92 0
-276 -92 682 0
-683 277 0
-683 100 0
-277 -100 683 0
-684 278 0
-684 107 0
-278 -107 684 0
-685 279 0
-685 113 0
-279 -113 685 0
-686 280 0
-686 118 0
-280 -118 686 0
-17 682 683 684 685 686 0
-687 276 0
-687 93 0
-276 -93 687 0
-688 277 0
-688 101 0
-277 -101 688 0
-689 278 0
-689 108 0
-278 -108 689 0
-690 279 0
-690 114 0
-279 -114 690 0
-691 280 0
-691 119 0
-280 -119 691 0
-692 281 0
-692 123 0
-281 -123 692 0
-18 687 688 689 690 691 692 0
-693 276 0
-693 94 0
-276 -94 693 0
-694 277 0
-694 102 0
-277 -102 694 0
-695 278 0
-695 109 0
-278 -109 695 0
-696 279 0
-696 115 0
-279 -115 696 0
-697 280 0
-697 120 0
-280 -120 697 0
-698 281 0
-698 124 0
-281 -124 698 0
-699 282 0
-699 127 0
-282 -127 699 0
-19 693 694 695 696 697 698 699 0
-700 276 0
-700 95 0
-276 -95 700 0
-701 277 0
-701 103 0
-277 -103 701 0
-702 278 0
-702 110 0
-278 -110 702 0
-703 279 0
-703 116 0
-279 -116 703 0
-704 280 0
-704 121 0
-280 -121 704 0
-705 281 0
-705 125 0
-281 -125 705 0
-706 282 0
-706 128 0
-282 -128 706 0
-707 283 0
-707 130 0
-283 -130 707 0
-20 700 701 702 703 704 705 706 707 0
-708 276 0
-708 96 0
-276 -96 708 0
-709 277 0
-709 104 0
-277 -104 709 0
-710 278 0
-710 111 0
-278 -111 710 0
-711 279 0
-711 117 0
-279 -117 711 0
-712 280 0
-712 122 0
-280 -122 712 0
-713 281 0
-713 126 0
-281 -126 713 0
-714 282 0
-714 129 0
-282 -129 714 0
-715 283 0
-715 131 0
-283 -131 715 0
-716 284 0
-716 132 0
-284 -132 716 0
-21 708 709 710 711 712 713 714 715 716 0
-717 286 0
-717 97 0
-286 -97 717 0
-23 717 0
-718 286 0
-718 98 0
-286 -98 718 0
-719 287 0
-719 105 0
-287 -105 719 0
-24 718 719 0
-720 286 0
-720 99 0
-286 -99 720 0
-721 287 0
-721 106 0
-287 -106 721 0
-722 288 0
-722 112 0
-288 -112 722 0
-25 720 721 722 0
-723 286 0
-723 100 0
-286 -100 723 0
-724 287 0
-724 107 0
-287 -107 724 0
-725 288 0
-725 113 0
-288 -113 725 0
-726 289 0
-726 118 0
-289 -118 726 0
-26 723 724 725 726 0
-727 286 0
-727 101 0
-286 -101 727 0
-728 287 0
-728 108 0
-287 -108 728 0
-729 288 0
-729 114 0
-288 -114 729 0
-730 289 0
-730 119 0
-289 -119 730 0
-731 290 0
-731 123 0
-290 -123 731 0
-27 727 728 729 730 731 0
-732 286 0
-732 102 0
-286 -102 732 0
-733 287 0
-733 109 0
-287 -109 733 0
-734 288 0
-734 115 0
-288 -115 734 0
-735 289 0
-735 120 0
-289 -120 735 0
-736 290 0
-736 124 0
-290 -124 736 0
-737 291 0
-737 127 0
-291 -127 737 0
-28 732 733 734 735 736 737 0
-738 286 0
-738 103 0
-286 -103 738 0
-739 287 0
-739 110 0
-287 -110 739 0
-740 288 0
-740 116 0
-288 -116 740 0
-741 289 0
-741 121 0
-289 -121 741 0
-742 290 0
-742 125 0
-290 -125 742 0
-743 291 0
-743 128 0
-291 -128 743 0
-744 292 0
-744 130 0
-292 -130 744 0
-29 738 739 740 741 742 743 744 0
-745 286 0
-745 104 0
-286 -104 745 0
-746 287 0
-746 111 0
-287 -111 746 0
-747 288 0
-747 117 0
-288 -117 747 0
-748 289 0
-748 122 0
-289 -122 748 0
-749 290 0
-749 126 0
-290 -126 749 0
-750 291 0
-750 129 0
-291 -129 750 0
-751 292 0
-751 131 0
-292 -131 751 0
-752 293 0
-752 132 0
-293 -132 752 0
-30 745 746 747 748 749 750 751 752 0
-753 295 0
-753 105 0
-295 -105 753 0
-32 753 0
-754 295 0
-754 106 0
-295 -106 754 0
-755 296 0
-755 112 0
-296 -112 755 0
-33 754 755 0
-756 295 0
-756 107 0
-295 -107 756 0
-757 296 0
-757 113 0
-296 -113 757 0
-758 297 0
-758 118 0
-297 -118 758 0
-34 756 757 758 0
-759 295 0
-759 108 0
-295 -108 759 0
-760 296 0
-760 114 0
-296 -114 760 0
-761 297 0
-761 119 0
-297 -119 761 0
-762 298 0
-762 123 0
-298 -123 762 0
-35 759 760 761 762 0
-763 295 0
-763 109 0
-295 -109 763 0
-764 296 0
-764 115 0
-296 -115 764 0
-765 297 0
-765 120 0
-297 -120 765 0
-766 298 0
-766 124 0
-298 -124 766 0
-767 299 0
-767 127 0
-299 -127 767 0
-36 763 764 765 766 767 0
-768 295 0
-768 110 0
-295 -110 768 0
-769 296 0
-769 116 0
-296 -116 769 0
-770 297 0
-770 121 0
-297 -121 770 0
-771 298 0
-771 125 0
-298 -125 771 0
-772 299 0
-772 128 0
-299 -128 772 0
-773 300 0
-773 130 0
-300 -130 773 0
-37 768 769 770 771 772 773 0
-774 295 0
-774 111 0
-295 -111 774 0
-775 296 0
-775 117 0
-296 -117 775 0
-776 297 0
-776 122 0
-297 -122 776 0
-777 298 0
-777 126 0
-298 -126 777 0
-778 299 0
-778 129 0
-299 -129 778 0
-779 300 0
-779 131 0
-300 -131 779 0
-780 301 0
-780 132 0
-301 -132 780 0
-38 774 775 776 777 778 779 780 0
-781 303 0
-781 112 0
-303 -112 781 0
-40 781 0
-782 303 0
-782 113 0
-303 -113 782 0
-783 304 0
-783 118 0
-304 -118 783 0
-41 782 783 0
-784 303 0
-784 114 0
-303 -114 784 0
-785 304 0
-785 119 0
-304 -119 785 0
-786 305 0
-786 123 0
-305 -123 786 0
-42 784 785 786 0
-787 303 0
-787 115 0
-303 -115 787 0
-788 304 0
-788 120 0
-304 -120 788 0
-789 305 0
-789 124 0
-305 -124 789 0
-790 306 0
-790 127 0
-306 -127 790 0
-43 787 788 789 790 0
-791 303 0
-791 116 0
-303 -116 791 0
-792 304 0
-792 121 0
-304 -121 792 0
-793 305 0
-793 125 0
-305 -125 793 0
-794 306 0
-794 128 0
-306 -128 794 0
-795 307 0
-795 130 0
-307 -130 795 0
-44 791 792 793 794 795 0
-796 303 0
-796 117 0
-303 -117 796 0
-797 304 0
-797 122 0
-304 -122 797 0
-798 305 0
-798 126 0
-305 -126 798 0
-799 306 0
-799 129 0
-306 -129 799 0
-800 307 0
-800 131 0
-307 -131 800 0
-801 308 0
-801 132 0
-308 -132 801 0
-45 796 797 798 799 800 801 0
-802 310 0
-802 118 0
-310 -118 802 0
-47 802 0
-803 310 0
-803 119 0
-310 -119 803 0
-804 311 0
-804 123 0
-311 -123 804 0
-48 803 804 0
-805 310 0
-805 120 0
-310 -120 805 0
-806 311 0
-806 124 0
-311 -124 806 0
-807 312 0
-807 127 0
-312 -127 807 0
-49 805 806 807 0
-808 310 0
-808 121 0
-310 -121 808 0
-809 311 0
-809 125 0
-311 -125 809 0
-810 312 0
-810 128 0
-312 -128 810 0
-811 313 0
-811 130 0
-313 -130 811 0
-50 808 809 810 811 0
-812 310 0
-812 122 0
-310 -122 812 0
-813 311 0
-813 126 0
-311 -126 813 0
-814 312 0
-814 129 0
-312 -129 814 0
-815 313 0
-815 131 0
-313 -131 815 0
-816 314 0
-816 132 0
-314 -132 816 0
-51 812 813 814 815 816 0
-817 316 0
-817 123 0
-316 -123 817 0
-53 817 0
-818 316 0
-818 124 0
-316 -124 818 0
-819 317 0
-819 127 0
-317 -127 819 0
-54 818 819 0
-820 316 0
-820 125 0
-316 -125 820 0
-821 317 0
-821 128 0
-317 -128 821 0
-822 318 0
-822 130 0
-318 -130 822 0
-55 820 821 822 0
-823 316 0
-823 126 0
-316 -126 823 0
-824 317 0
-824 129 0
-317 -129 824 0
-825 318 0
-825 131 0
-318 -131 825 0
-826 319 0
-826 132 0
-319 -132 826 0
-56 823 824 825 826 0
-827 321 0
-827 127 0
-321 -127 827 0
-58 827 0
-828 321 0
-828 128 0
-321 -128 828 0
-829 322 0
-829 130 0
-322 -130 829 0
-59 828 829 0
-830 321 0
-830 129 0
-321 -129 830 0
-831 322 0
-831 131 0
-322 -131 831 0
-832 323 0
-832 132 0
-323 -132 832 0
-60 830 831 832 0
-833 325 0
-833 130 0
-325 -130 833 0
-62 833 0
-834 325 0
-834 131 0
-325 -131 834 0
-835 326 0
-835 132 0
-326 -132 835 0
-63 834 835 0
-836 328 0
-836 132 0
-328 -132 836 0
-65 836 0
-837 331 0
-837 12 0
-331 -12 837 0
-200 837 0
-838 331 0
-838 13 0
-331 -13 838 0
-839 332 0
-839 22 0
-332 -22 839 0
-201 838 839 0
-840 331 0
-840 14 0
-331 -14 840 0
-841 332 0
-841 23 0
-332 -23 841 0
-842 333 0
-842 31 0
-333 -31 842 0
-202 840 841 842 0
-843 331 0
-843 15 0
-331 -15 843 0
-844 332 0
-844 24 0
-332 -24 844 0
-845 333 0
-845 32 0
-333 -32 845 0
-846 334 0
-846 39 0
-334 -39 846 0
-203 843 844 845 846 0
-847 331 0
-847 16 0
-331 -16 847 0
-848 332 0
-848 25 0
-332 -25 848 0
-849 333 0
-849 33 0
-333 -33 849 0
-850 334 0
-850 40 0
-334 -40 850 0
-851 335 0
-851 46 0
-335 -46 851 0
-204 847 848 849 850 851 0
-852 331 0
-852 17 0
-331 -17 852 0
-853 332 0
-853 26 0
-332 -26 853 0
-854 333 0
-854 34 0
-333 -34 854 0
-855 334 0
-855 41 0
-334 -41 855 0
-856 335 0
-856 47 0
-335 -47 856 0
-857 336 0
-857 52 0
-336 -52 857 0
-205 852 853 854 855 856 857 0
-858 331 0
-858 18 0
-331 -18 858 0
-859 332 0
-859 27 0
-332 -27 859 0
-860 333 0
-860 35 0
-333 -35 860 0
-861 334 0
-861 42 0
-334 -42 861 0
-862 335 0
-862 48 0
-335 -48 862 0
-863 336 0
-863 53 0
-336 -53 863 0
-864 337 0
-864 57 0
-337 -57 864 0
-206 858 859 860 861 862 863 864 0
-865 331 0
-865 19 0
-331 -19 865 0
-866 332 0
-866 28 0
-332 -28 866 0
-867 333 0
-867 36 0
-333 -36 867 0
-868 334 0
-868 43 0
-334 -43 868 0
-869 335 0
-869 49 0
-335 -49 869 0
-870 336 0
-870 54 0
-336 -54 870 0
-871 337 0
-871 58 0
-337 -58 871 0
-872 338 0
-872 61 0
-338 -61 872 0
-207 865 866 867 868 869 870 871 872 0
-873 331 0
-873 20 0
-331 -20 873 0
-874 332 0
-874 29 0
-332 -29 874 0
-875 333 0
-875 37 0
-333 -37 875 0
-876 334 0
-876 44 0
-334 -44 876 0
-877 335 0
-877 50 0
-335 -50 877 0
-878 336 0
-878 55 0
-336 -55 878 0
-879 337 0
-879 59 0
-337 -59 879 0
-880 338 0
-880 62 0
-338 -62 880 0
-881 339 0
-881 64 0
-339 -64 881 0
-208 873 874 875 876 877 878 879 880 881 0
-882 331 0
-882 21 0
-331 -21 882 0
-883 332 0
-883 30 0
-332 -30 883 0
-884 333 0
-884 38 0
-333 -38 884 0
-885 334 0
-885 45 0
-334 -45 885 0
-886 335 0
-886 51 0
-335 -51 886 0
-887 336 0
-887 56 0
-336 -56 887 0
-888 337 0
-888 60 0
-337 -60 888 0
-889 338 0
-889 63 0
-338 -63 889 0
-890 339 0
-890 65 0
-339 -65 890 0
-891 340 0
-891 66 0
-340 -66 891 0
-209 882 883 884 885 886 887 888 889 890 891 0
-892 342 0
-892 22 0
-342 -22 892 0
-211 892 0
-893 342 0
-893 23 0
-342 -23 893 0
-894 343 0
-894 31 0
-343 -31 894 0
-212 893 894 0
-895 342 0
-895 24 0
-342 -24 895 0
-896 343 0
-896 32 0
-343 -32 896 0
-897 344 0
-897 39 0
-344 -39 897 0
-213 895 896 897 0
-898 342 0
-898 25 0
-342 -25 898 0
-899 343 0
-899 33 0
-343 -33 899 0
-900 344 0
-900 40 0
-344 -40 900 0
-901 345 0
-901 46 0
-345 -46 901 0
-214 898 899 900 901 0
-902 342 0
-902 26 0
-342 -26 902 0
-903 343 0
-903 34 0
-343 -34 903 0
-904 344 0
-904 41 0
-344 -41 904 0
-905 345 0
-905 47 0
-345 -47 905 0
-906 346 0
-906 52 0
-346 -52 906 0
-215 902 903 904 905 906 0
-907 342 0
-907 27 0
-342 -27 907 0
-908 343 0
-908 35 0
-343 -35 908 0
-909 344 0
-909 42 0
-344 -42 909 0
-910 345 0
-910 48 0
-345 -48 910 0
-911 346 0
-911 53 0
-346 -53 911 0
-912 347 0
-912 57 0
-347 -57 912 0
-216 907 908 909 910 911 912 0
-913 342 0
-913 28 0
-342 -28 913 0
-914 343 0
-914 36 0
-343 -36 914 0
-915 344 0
-915 43 0
-344 -43 915 0
-916 345 0
-916 49 0
-345 -49 916 0
-917 346 0
-917 54 0
-346 -54 917 0
-918 347 0
-918 58 0
-347 -58 918 0
-919 348 0
-919 61 0
-348 -61 919 0
-217 913 914 915 916 917 918 919 0
-920 342 0
-920 29 0
-342 -29 920 0
-921 343 0
-921 37 0
-343 -37 921 0
-922 344 0
-922 44 0
-344 -44 922 0
-923 345 0
-923 50 0
-345 -50 923 0
-924 346 0
-924 55 0
-346 -55 924 0
-925 347 0
-925 59 0
-347 -59 925 0
-926 348 0
-926 62 0
-348 -62 926 0
-927 349 0
-927 64 0
-349 -64 927 0
-218 920 921 922 923 924 925 926 927 0
-928 342 0
-928 30 0
-342 -30 928 0
-929 343 0
-929 38 0
-343 -38 929 0
-930 344 0
-930 45 0
-344 -45 930 0
-931 345 0
-931 51 0
-345 -51 931 0
-932 346 0
-932 56 0
-346 -56 932 0
-933 347 0
-933 60 0
-347 -60 933 0
-934 348 0
-934 63 0
-348 -63 934 0
-935 349 0
-935 65 0
-349 -65 935 0
-936 350 0
-936 66 0
-350 -66 936 0
-219 928 929 930 931 932 933 934 935 936 0
-937 352 0
-937 31 0
-352 -31 937 0
-221 937 0
-938 352 0
-938 32 0
-352 -32 938 0
-939 353 0
-939 39 0
-353 -39 939 0
-222 938 939 0
-940 352 0
-940 33 0
-352 -33 940 0
-941 353 0
-941 40 0
-353 -40 941 0
-942 354 0
-942 46 0
-354 -46 942 0
-223 940 941 942 0
-943 352 0
-943 34 0
-352 -34 943 0
-944 353 0
-944 41 0
-353 -41 944 0
-945 354 0
-945 47 0
-354 -47 945 0
-946 355 0
-946 52 0
-355 -52 946 0
-224 943 944 945 946 0
-947 352 0
-947 35 0
-352 -35 947 0
-948 353 0
-948 42 0
-353 -42 948 0
-949 354 0
-949 48 0
-354 -48 949 0
-950 355 0
-950 53 0
-355 -53 950 0
-951 356 0
-951 57 0
-356 -57 951 0
-225 947 948 949 950 951 0
-952 352 0
-952 36 0
-352 -36 952 0
-953 353 0
-953 43 0
-353 -43 953 0
-954 354 0
-954 49 0
-354 -49 954 0
-955 355 0
-955 54 0
-355 -54 955 0
-956 356 0
-956 58 0
-356 -58 956 0
-957 357 0
-957 61 0
-357 -61 957 0
-226 952 953 954 955 956 957 0
-958 352 0
-958 37 0
-352 -37 958 0
-959 353 0
-959 44 0
-353 -44 959 0
-960 354 0
-960 50 0
-354 -50 960 0
-961 355 0
-961 55 0
-355 -55 961 0
-962 356 0
-962 59 0
-356 -59 962 0
-963 357 0
-963 62 0
-357 -62 963 0
-964 358 0
-964 64 0
-358 -64 964 0
-227 958 959 960 961 962 963 964 0
-965 352 0
-965 38 0
-352 -38 965 0
-966 353 0
-966 45 0
-353 -45 966 0
-967 354 0
-967 51 0
-354 -51 967 0
-968 355 0
-968 56 0
-355 -56 968 0
-969 356 0
-969 60 0
-356 -60 969 0
-970 357 0
-970 63 0
-357 -63 970 0
-971 358 0
-971 65 0
-358 -65 971 0
-972 359 0
-972 66 0
-359 -66 972 0
-228 965 966 967 968 969 970 971 972 0
-973 361 0
-973 39 0
-361 -39 973 0
-230 973 0
-974 361 0
-974 40 0
-361 -40 974 0
-975 362 0
-975 46 0
-362 -46 975 0
-231 974 975 0
-976 361 0
-976 41 0
-361 -41 976 0
-977 362 0
-977 47 0
-362 -47 977 0
-978 363 0
-978 52 0
-363 -52 978 0
-232 976 977 978 0
-979 361 0
-979 42 0
-361 -42 979 0
-980 362 0
-980 48 0
-362 -48 980 0
-981 363 0
-981 53 0
-363 -53 981 0
-982 364 0
-982 57 0
-364 -57 982 0
-233 979 980 981 982 0
-983 361 0
-983 43 0
-361 -43 983 0
-984 362 0
-984 49 0
-362 -49 984 0
-985 363 0
-985 54 0
-363 -54 985 0
-986 364 0
-986 58 0
-364 -58 986 0
-987 365 0
-987 61 0
-365 -61 987 0
-234 983 984 985 986 987 0
-988 361 0
-988 44 0
-361 -44 988 0
-989 362 0
-989 50 0
-362 -50 989 0
-990 363 0
-990 55 0
-363 -55 990 0
-991 364 0
-991 59 0
-364 -59 991 0
-992 365 0
-992 62 0
-365 -62 992 0
-993 366 0
-993 64 0
-366 -64 993 0
-235 988 989 990 991 992 993 0
-994 361 0
-994 45 0
-361 -45 994 0
-995 362 0
-995 51 0
-362 -51 995 0
-996 363 0
-996 56 0
-363 -56 996 0
-997 364 0
-997 60 0
-364 -60 997 0
-998 365 0
-998 63 0
-365 -63 998 0
-999 366 0
-999 65 0
-366 -65 999 0
-1000 367 0
-1000 66 0
-367 -66 1000 0
-236 994 995 996 997 998 999 1000 0
-1001 369 0
-1001 46 0
-369 -46 1001 0
-238 1001 0
-1002 369 0
-1002 47 0
-369 -47 1002 0
-1003 370 0
-1003 52 0
-370 -52 1003 0
-239 1002 1003 0
-1004 369 0
-1004 48 0
-369 -48 1004 0
-1005 370 0
-1005 53 0
-370 -53 1005 0
-1006 371 0
-1006 57 0
-371 -57 1006 0
-240 1004 1005 1006 0
-1007 369 0
-1007 49 0
-369 -49 1007 0
-1008 370 0
-1008 54 0
-370 -54 1008 0
-1009 371 0
-1009 58 0
-371 -58 1009 0
-1010 372 0
-1010 61 0
-372 -61 1010 0
-241 1007 1008 1009 1010 0
-1011 369 0
-1011 50 0
-369 -50 1011 0
-1012 370 0
-1012 55 0
-370 -55 1012 0
-1013 371 0
-1013 59 0
-371 -59 1013 0
-1014 372 0
-1014 62 0
-372 -62 1014 0
-1015 373 0
-1015 64 0
-373 -64 1015 0
-242 1011 1012 1013 1014 1015 0
-1016 369 0
-1016 51 0
-369 -51 1016 0
-1017 370 0
-1017 56 0
-370 -56 1017 0
-1018 371 0
-1018 60 0
-371 -60 1018 0
-1019 372 0
-1019 63 0
-372 -63 1019 0
-1020 373 0
-1020 65 0
-373 -65 1020 0
-1021 374 0
-1021 66 0
-374 -66 1021 0
-243 1016 1017 1018 1019 1020 1021 0
-1022 376 0
-1022 52 0
-376 -52 1022 0
-245 1022 0
-1023 376 0
-1023 53 0
-376 -53 1023 0
-1024 377 0
-1024 57 0
-377 -57 1024 0
-246 1023 1024 0
-1025 376 0
-1025 54 0
-376 -54 1025 0
-1026 377 0
-1026 58 0
-377 -58 1026 0
-1027 378 0
-1027 61 0
-378 -61 1027 0
-247 1025 1026 1027 0
-1028 376 0
-1028 55 0
-376 -55 1028 0
-1029 377 0
-1029 59 0
-377 -59 1029 0
-1030 378 0
-1030 62 0
-378 -62 1030 0
-1031 379 0
-1031 64 0
-379 -64 1031 0
-248 1028 1029 1030 1031 0
-1032 376 0
-1032 56 0
-376 -56 1032 0
-1033 377 0
-1033 60 0
-377 -60 1033 0
-1034 378 0
-1034 63 0
-378 -63 1034 0
-1035 379 0
-1035 65 0
-379 -65 1035 0
-1036 380 0
-1036 66 0
-380 -66 1036 0
-249 1032 1033 1034 1035 1036 0
-1037 382 0
-1037 57 0
-382 -57 1037 0
-251 1037 0
-1038 382 0
-1038 58 0
-382 -58 1038 0
-1039 383 0
-1039 61 0
-383 -61 1039 0
-252 1038 1039 0
-1040 382 0
-1040 59 0
-382 -59 1040 0
-1041 383 0
-1041 62 0
-383 -62 1041 0
-1042 384 0
-1042 64 0
-384 -64 1042 0
-253 1040 1041 1042 0
-1043 382 0
-1043 60 0
-382 -60 1043 0
-1044 383 0
-1044 63 0
-383 -63 1044 0
-1045 384 0
-1045 65 0
-384 -65 1045 0
-1046 385 0
-1046 66 0
-385 -66 1046 0
-254 1043 1044 1045 1046 0
-1047 387 0
-1047 61 0
-387 -61 1047 0
-256 1047 0
-1048 387 0
-1048 62 0
-387 -62 1048 0
-1049 388 0
-1049 64 0
-388 -64 1049 0
-257 1048 1049 0
-1050 387 0
-1050 63 0
-387 -63 1050 0
-1051 388 0
-1051 65 0
-388 -65 1051 0
-1052 389 0
-1052 66 0
-389 -66 1052 0
-258 1050 1051 1052 0
-1053 391 0
-1053 64 0
-391 -64 1053 0
-260 1053 0
-1054 391 0
-1054 65 0
-391 -65 1054 0
-1055 392 0
-1055 66 0
-392 -66 1055 0
-261 1054 1055 0
-1056 394 0
-1056 66 0
-394 -66 1056 0
-263 1056 0
-1057 331 0
-1057 12 0
-331 -12 1057 0
-68 1057 0
-1058 331 0
-1058 13 0
-331 -13 1058 0
-1059 332 0
-1059 22 0
-332 -22 1059 0
-69 1058 1059 0
-1060 331 0
-1060 14 0
-331 -14 1060 0
-1061 332 0
-1061 23 0
-332 -23 1061 0
-1062 333 0
-1062 31 0
-333 -31 1062 0
-70 1060 1061 1062 0
-1063 331 0
-1063 15 0
-331 -15 1063 0
-1064 332 0
-1064 24 0
-332 -24 1064 0
-1065 333 0
-1065 32 0
-333 -32 1065 0
-1066 334 0
-1066 39 0
-334 -39 1066 0
-71 1063 1064 1065 1066 0
-1067 331 0
-1067 16 0
-331 -16 1067 0
-1068 332 0
-1068 25 0
-332 -25 1068 0
-1069 333 0
-1069 33 0
-333 -33 1069 0
-1070 334 0
-1070 40 0
-334 -40 1070 0
-1071 335 0
-1071 46 0
-335 -46 1071 0
-72 1067 1068 1069 1070 1071 0
-1072 331 0
-1072 17 0
-331 -17 1072 0
-1073 332 0
-1073 26 0
-332 -26 1073 0
-1074 333 0
-1074 34 0
-333 -34 1074 0
-1075 334 0
-1075 41 0
-334 -41 1075 0
-1076 335 0
-1076 47 0
-335 -47 1076 0
-1077 336 0
-1077 52 0
-336 -52 1077 0
-73 1072 1073 1074 1075 1076 1077 0
-1078 331 0
-1078 18 0
-331 -18 1078 0
-1079 332 0
-1079 27 0
-332 -27 1079 0
-1080 333 0
-1080 35 0
-333 -35 1080 0
-1081 334 0
-1081 42 0
-334 -42 1081 0
-1082 335 0
-1082 48 0
-335 -48 1082 0
-1083 336 0
-1083 53 0
-336 -53 1083 0
-1084 337 0
-1084 57 0
-337 -57 1084 0
-74 1078 1079 1080 1081 1082 1083 1084 0
-1085 331 0
-1085 19 0
-331 -19 1085 0
-1086 332 0
-1086 28 0
-332 -28 1086 0
-1087 333 0
-1087 36 0
-333 -36 1087 0
-1088 334 0
-1088 43 0
-334 -43 1088 0
-1089 335 0
-1089 49 0
-335 -49 1089 0
-1090 336 0
-1090 54 0
-336 -54 1090 0
-1091 337 0
-1091 58 0
-337 -58 1091 0
-1092 338 0
-1092 61 0
-338 -61 1092 0
-75 1085 1086 1087 1088 1089 1090 1091 1092 0
-1093 331 0
-1093 20 0
-331 -20 1093 0
-1094 332 0
-1094 29 0
-332 -29 1094 0
-1095 333 0
-1095 37 0
-333 -37 1095 0
-1096 334 0
-1096 44 0
-334 -44 1096 0
-1097 335 0
-1097 50 0
-335 -50 1097 0
-1098 336 0
-1098 55 0
-336 -55 1098 0
-1099 337 0
-1099 59 0
-337 -59 1099 0
-1100 338 0
-1100 62 0
-338 -62 1100 0
-1101 339 0
-1101 64 0
-339 -64 1101 0
-76 1093 1094 1095 1096 1097 1098 1099 1100 1101 0
-1102 331 0
-1102 21 0
-331 -21 1102 0
-1103 332 0
-1103 30 0
-332 -30 1103 0
-1104 333 0
-1104 38 0
-333 -38 1104 0
-1105 334 0
-1105 45 0
-334 -45 1105 0
-1106 335 0
-1106 51 0
-335 -51 1106 0
-1107 336 0
-1107 56 0
-336 -56 1107 0
-1108 337 0
-1108 60 0
-337 -60 1108 0
-1109 338 0
-1109 63 0
-338 -63 1109 0
-1110 339 0
-1110 65 0
-339 -65 1110 0
-1111 340 0
-1111 66 0
-340 -66 1111 0
-77 1102 1103 1104 1105 1106 1107 1108 1109 1110 1111 0
-1112 342 0
-1112 22 0
-342 -22 1112 0
-79 1112 0
-1113 342 0
-1113 23 0
-342 -23 1113 0
-1114 343 0
-1114 31 0
-343 -31 1114 0
-80 1113 1114 0
-1115 342 0
-1115 24 0
-342 -24 1115 0
-1116 343 0
-1116 32 0
-343 -32 1116 0
-1117 344 0
-1117 39 0
-344 -39 1117 0
-81 1115 1116 1117 0
-1118 342 0
-1118 25 0
-342 -25 1118 0
-1119 343 0
-1119 33 0
-343 -33 1119 0
-1120 344 0
-1120 40 0
-344 -40 1120 0
-1121 345 0
-1121 46 0
-345 -46 1121 0
-82 1118 1119 1120 1121 0
-1122 342 0
-1122 26 0
-342 -26 1122 0
-1123 343 0
-1123 34 0
-343 -34 1123 0
-1124 344 0
-1124 41 0
-344 -41 1124 0
-1125 345 0
-1125 47 0
-345 -47 1125 0
-1126 346 0
-1126 52 0
-346 -52 1126 0
-83 1122 1123 1124 1125 1126 0
-1127 342 0
-1127 27 0
-342 -27 1127 0
-1128 343 0
-1128 35 0
-343 -35 1128 0
-1129 344 0
-1129 42 0
-344 -42 1129 0
-1130 345 0
-1130 48 0
-345 -48 1130 0
-1131 346 0
-1131 53 0
-346 -53 1131 0
-1132 347 0
-1132 57 0
-347 -57 1132 0
-84 1127 1128 1129 1130 1131 1132 0
-1133 342 0
-1133 28 0
-342 -28 1133 0
-1134 343 0
-1134 36 0
-343 -36 1134 0
-1135 344 0
-1135 43 0
-344 -43 1135 0
-1136 345 0
-1136 49 0
-345 -49 1136 0
-1137 346 0
-1137 54 0
-346 -54 1137 0
-1138 347 0
-1138 58 0
-347 -58 1138 0
-1139 348 0
-1139 61 0
-348 -61 1139 0
-85 1133 1134 1135 1136 1137 1138 1139 0
-1140 342 0
-1140 29 0
-342 -29 1140 0
-1141 343 0
-1141 37 0
-343 -37 1141 0
-1142 344 0
-1142 44 0
-344 -44 1142 0
-1143 345 0
-1143 50 0
-345 -50 1143 0
-1144 346 0
-1144 55 0
-346 -55 1144 0
-1145 347 0
-1145 59 0
-347 -59 1145 0
-1146 348 0
-1146 62 0
-348 -62 1146 0
-1147 349 0
-1147 64 0
-349 -64 1147 0
-86 1140 1141 1142 1143 1144 1145 1146 1147 0
-1148 342 0
-1148 30 0
-342 -30 1148 0
-1149 343 0
-1149 38 0
-343 -38 1149 0
-1150 344 0
-1150 45 0
-344 -45 1150 0
-1151 345 0
-1151 51 0
-345 -51 1151 0
-1152 346 0
-1152 56 0
-346 -56 1152 0
-1153 347 0
-1153 60 0
-347 -60 1153 0
-1154 348 0
-1154 63 0
-348 -63 1154 0
-1155 349 0
-1155 65 0
-349 -65 1155 0
-1156 350 0
-1156 66 0
-350 -66 1156 0
-87 1148 1149 1150 1151 1152 1153 1154 1155 1156 0
-1157 352 0
-1157 31 0
-352 -31 1157 0
-89 1157 0
-1158 352 0
-1158 32 0
-352 -32 1158 0
-1159 353 0
-1159 39 0
-353 -39 1159 0
-90 1158 1159 0
-1160 352 0
-1160 33 0
-352 -33 1160 0
-1161 353 0
-1161 40 0
-353 -40 1161 0
-1162 354 0
-1162 46 0
-354 -46 1162 0
-91 1160 1161 1162 0
-1163 352 0
-1163 34 0
-352 -34 1163 0
-1164 353 0
-1164 41 0
-353 -41 1164 0
-1165 354 0
-1165 47 0
-354 -47 1165 0
-1166 355 0
-1166 52 0
-355 -52 1166 0
-92 1163 1164 1165 1166 0
-1167 352 0
-1167 35 0
-352 -35 1167 0
-1168 353 0
-1168 42 0
-353 -42 1168 0
-1169 354 0
-1169 48 0
-354 -48 1169 0
-1170 355 0
-1170 53 0
-355 -53 1170 0
-1171 356 0
-1171 57 0
-356 -57 1171 0
-93 1167 1168 1169 1170 1171 0
-1172 352 0
-1172 36 0
-352 -36 1172 0
-1173 353 0
-1173 43 0
-353 -43 1173 0
-1174 354 0
-1174 49 0
-354 -49 1174 0
-1175 355 0
-1175 54 0
-355 -54 1175 0
-1176 356 0
-1176 58 0
-356 -58 1176 0
-1177 357 0
-1177 61 0
-357 -61 1177 0
-94 1172 1173 1174 1175 1176 1177 0
-1178 352 0
-1178 37 0
-352 -37 1178 0
-1179 353 0
-1179 44 0
-353 -44 1179 0
-1180 354 0
-1180 50 0
-354 -50 1180 0
-1181 355 0
-1181 55 0
-355 -55 1181 0
-1182 356 0
-1182 59 0
-356 -59 1182 0
-1183 357 0
-1183 62 0
-357 -62 1183 0
-1184 358 0
-1184 64 0
-358 -64 1184 0
-95 1178 1179 1180 1181 1182 1183 1184 0
-1185 352 0
-1185 38 0
-352 -38 1185 0
-1186 353 0
-1186 45 0
-353 -45 1186 0
-1187 354 0
-1187 51 0
-354 -51 1187 0
-1188 355 0
-1188 56 0
-355 -56 1188 0
-1189 356 0
-1189 60 0
-356 -60 1189 0
-1190 357 0
-1190 63 0
-357 -63 1190 0
-1191 358 0
-1191 65 0
-358 -65 1191 0
-1192 359 0
-1192 66 0
-359 -66 1192 0
-96 1185 1186 1187 1188 1189 1190 1191 1192 0
-1193 361 0
-1193 39 0
-361 -39 1193 0
-98 1193 0
-1194 361 0
-1194 40 0
-361 -40 1194 0
-1195 362 0
-1195 46 0
-362 -46 1195 0
-99 1194 1195 0
-1196 361 0
-1196 41 0
-361 -41 1196 0
-1197 362 0
-1197 47 0
-362 -47 1197 0
-1198 363 0
-1198 52 0
-363 -52 1198 0
-100 1196 1197 1198 0
-1199 361 0
-1199 42 0
-361 -42 1199 0
-1200 362 0
-1200 48 0
-362 -48 1200 0
-1201 363 0
-1201 53 0
-363 -53 1201 0
-1202 364 0
-1202 57 0
-364 -57 1202 0
-101 1199 1200 1201 1202 0
-1203 361 0
-1203 43 0
-361 -43 1203 0
-1204 362 0
-1204 49 0
-362 -49 1204 0
-1205 363 0
-1205 54 0
-363 -54 1205 0
-1206 364 0
-1206 58 0
-364 -58 1206 0
-1207 365 0
-1207 61 0
-365 -61 1207 0
-102 1203 1204 1205 1206 1207 0
-1208 361 0
-1208 44 0
-361 -44 1208 0
-1209 362 0
-1209 50 0
-362 -50 1209 0
-1210 363 0
-1210 55 0
-363 -55 1210 0
-1211 364 0
-1211 59 0
-364 -59 1211 0
-1212 365 0
-1212 62 0
-365 -62 1212 0
-1213 366 0
-1213 64 0
-366 -64 1213 0
-103 1208 1209 1210 1211 1212 1213 0
-1214 361 0
-1214 45 0
-361 -45 1214 0
-1215 362 0
-1215 51 0
-362 -51 1215 0
-1216 363 0
-1216 56 0
-363 -56 1216 0
-1217 364 0
-1217 60 0
-364 -60 1217 0
-1218 365 0
-1218 63 0
-365 -63 1218 0
-1219 366 0
-1219 65 0
-366 -65 1219 0
-1220 367 0
-1220 66 0
-367 -66 1220 0
-104 1214 1215 1216 1217 1218 1219 1220 0
-1221 369 0
-1221 46 0
-369 -46 1221 0
-106 1221 0
-1222 369 0
-1222 47 0
-369 -47 1222 0
-1223 370 0
-1223 52 0
-370 -52 1223 0
-107 1222 1223 0
-1224 369 0
-1224 48 0
-369 -48 1224 0
-1225 370 0
-1225 53 0
-370 -53 1225 0
-1226 371 0
-1226 57 0
-371 -57 1226 0
-108 1224 1225 1226 0
-1227 369 0
-1227 49 0
-369 -49 1227 0
-1228 370 0
-1228 54 0
-370 -54 1228 0
-1229 371 0
-1229 58 0
-371 -58 1229 0
-1230 372 0
-1230 61 0
-372 -61 1230 0
-109 1227 1228 1229 1230 0
-1231 369 0
-1231 50 0
-369 -50 1231 0
-1232 370 0
-1232 55 0
-370 -55 1232 0
-1233 371 0
-1233 59 0
-371 -59 1233 0
-1234 372 0
-1234 62 0
-372 -62 1234 0
-1235 373 0
-1235 64 0
-373 -64 1235 0
-110 1231 1232 1233 1234 1235 0
-1236 369 0
-1236 51 0
-369 -51 1236 0
-1237 370 0
-1237 56 0
-370 -56 1237 0
-1238 371 0
-1238 60 0
-371 -60 1238 0
-1239 372 0
-1239 63 0
-372 -63 1239 0
-1240 373 0
-1240 65 0
-373 -65 1240 0
-1241 374 0
-1241 66 0
-374 -66 1241 0
-111 1236 1237 1238 1239 1240 1241 0
-1242 376 0
-1242 52 0
-376 -52 1242 0
-113 1242 0
-1243 376 0
-1243 53 0
-376 -53 1243 0
-1244 377 0
-1244 57 0
-377 -57 1244 0
-114 1243 1244 0
-1245 376 0
-1245 54 0
-376 -54 1245 0
-1246 377 0
-1246 58 0
-377 -58 1246 0
-1247 378 0
-1247 61 0
-378 -61 1247 0
-115 1245 1246 1247 0
-1248 376 0
-1248 55 0
-376 -55 1248 0
-1249 377 0
-1249 59 0
-377 -59 1249 0
-1250 378 0
-1250 62 0
-378 -62 1250 0
-1251 379 0
-1251 64 0
-379 -64 1251 0
-116 1248 1249 1250 1251 0
-1252 376 0
-1252 56 0
-376 -56 1252 0
-1253 377 0
-1253 60 0
-377 -60 1253 0
-1254 378 0
-1254 63 0
-378 -63 1254 0
-1255 379 0
-1255 65 0
-379 -65 1255 0
-1256 380 0
-1256 66 0
-380 -66 1256 0
-117 1252 1253 1254 1255 1256 0
-1257 382 0
-1257 57 0
-382 -57 1257 0
-119 1257 0
-1258 382 0
-1258 58 0
-382 -58 1258 0
-1259 383 0
-1259 61 0
-383 -61 1259 0
-120 1258 1259 0
-1260 382 0
-1260 59 0
-382 -59 1260 0
-1261 383 0
-1261 62 0
-383 -62 1261 0
-1262 384 0
-1262 64 0
-384 -64 1262 0
-121 1260 1261 1262 0
-1263 382 0
-1263 60 0
-382 -60 1263 0
-1264 383 0
-1264 63 0
-383 -63 1264 0
-1265 384 0
-1265 65 0
-384 -65 1265 0
-1266 385 0
-1266 66 0
-385 -66 1266 0
-122 1263 1264 1265 1266 0
-1267 387 0
-1267 61 0
-387 -61 1267 0
-124 1267 0
-1268 387 0
-1268 62 0
-387 -62 1268 0
-1269 388 0
-1269 64 0
-388 -64 1269 0
-125 1268 1269 0
-1270 387 0
-1270 63 0
-387 -63 1270 0
-1271 388 0
-1271 65 0
-388 -65 1271 0
-1272 389 0
-1272 66 0
-389 -66 1272 0
-126 1270 1271 1272 0
-1273 391 0
-1273 64 0
-391 -64 1273 0
-128 1273 0
-1274 391 0
-1274 65 0
-391 -65 1274 0
-1275 392 0
-1275 66 0
-392 -66 1275 0
-129 1274 1275 0
-1276 394 0
-1276 66 0
-394 -66 1276 0
-131 1276 0
